attraction,categories,tags
17-Mile Drive,"['sea creature', 'animals', 'restaurant & food', 'bridge', 'wines', 'ocean view', 'natural view', 'rock climbing ', 'biking', 'beach', 'surfing', 'highly recommended', 'architecture', 'good for pictures', 'parks', 'golf']","[('sea creature', 'tide pools'), ('animals', 'tide pools'), ('restaurant & food', 'picnic lunch'), ('bridge', 'bixby bridge'), ('wines', 'wine tasting'), ('ocean view', 'pacific grove'), ('natural view', 'cypress tree'), ('rock climbing ', 'rock formations'), ('biking', 'ride bikes'), ('beach', 'sandy beaches'), ('surfing', 'watching waves'), ('restaurant & food', 'food drinks'), ('surfing', 'crashing waves'), ('highly recommended', 'highly recommend'), ('architecture', 'architectural details'), ('good for pictures', 'photo shots'), ('natural view', 'pine trees'), ('good for pictures', 'picture taking'), ('ocean view', 'pacific ocean'), ('natural view', 'state parks'), ('parks', 'state parks'), ('sea creature', 'sea lions'), ('animals', 'sea lions'), ('golf', 'golf course'), ('parks', 'national park'), ('natural view', 'national park')]"
AT&T Park,"['shopping', 'restaurant & food', 'exhibitions', 'bridge', 'ocean view', 'highly recommended', 'architecture']","[('shopping', 'shopping district'), ('restaurant & food', 'restaurants nearby'), ('exhibitions', 'american culture'), ('bridge', 'bay bridge'), ('restaurant & food', 'hot dog'), ('shopping', 'ghirardelli chocolate'), ('ocean view', 'pacific ocean'), ('restaurant & food', 'food trucks'), ('highly recommended', 'highly recommend'), ('architecture', 'architectural design'), ('ocean view', 'pacific ocean'), ('restaurant & food', 'hot fudge')]"
Alamo Square,"['restaurant & food', 'bridge', 'shopping', 'ocean view', 'natural view', 'car rental', 'highly recommended', 'architecture', 'good for pictures']","[('restaurant & food', 'coffee shop'), ('bridge', 'gate bridge'), ('shopping', 'coffee shop'), ('ocean view', 'pacific ocean'), ('natural view', 'tall trees'), ('car rental', 'car rental'), ('highly recommended', 'highly recommend'), ('architecture', 'victorian style'), ('good for pictures', 'photo op'), ('natural view', 'pine trees'), ('good for pictures', 'picture taking'), ('ocean view', 'pacific ocean')]"
Alcatraz Island,"['exhibitions', 'bridge', 'shopping', 'ocean view', 'highly recommended', 'historical site', 'parks', 'natural view']","[('exhibitions', 'american culture'), ('bridge', 'bay bridge'), ('shopping', 'souvenir shops'), ('ocean view', 'east coast'), ('highly recommended', 'highly recommend'), ('historical site', 'historical site'), ('historical site', 'history buff'), ('parks', 'national park'), ('natural view', 'national park')]"
Angel Stadium of Anaheim,"['restaurant & food', 'exhibitions', 'shopping', 'ocean view', 'rock climbing ', 'concert', 'highly recommended', 'good for pictures', 'parks']","[('restaurant & food', 'souvenir stores'), ('exhibitions', 'american culture'), ('restaurant & food', 'hot dog'), ('shopping', 'vendors selling'), ('ocean view', 'west coast'), ('rock climbing ', 'rock formation'), ('concert', 'concert venue'), ('restaurant & food', 'junk food'), ('highly recommended', 'highly recommend'), ('good for pictures', 'taking pictures'), ('parks', 'ball park')]"
Aquarium of the Bay,"['sea creature', 'animals', 'restaurant & food', 'exhibitions', 'shopping', 'museum', 'highly recommended', 'whale watching', 'natural view']","[('sea creature', 'otters sea'), ('animals', 'otters sea'), ('restaurant & food', 'souvenir shop'), ('exhibitions', 'interactive exhibits'), ('shopping', 'souvenir shop'), ('animals', 'rays sharks'), ('museum', 'science museum'), ('animals', 'touch tank'), ('highly recommended', 'highly recommend'), ('whale watching', 'whale watching'), ('sea creature', 'whale watching'), ('animals', 'whale watching'), ('exhibitions', 'interactive exhibits'), ('natural view', 'kelp forest'), ('sea creature', 'sea lions'), ('animals', 'sea lions')]"
Aquarium of the Pacific,"['sea creature', 'animals', 'restaurant & food', 'exhibitions', 'shopping', 'ocean view', 'peaceful serene', 'highly recommended', 'music', 'whale watching', 'amusement park', 'performance', 'cruise', 'natural view']","[('sea creature', 'sea horses'), ('animals', 'sea horses'), ('restaurant & food', 'souvenir shop'), ('restaurant & food', 'hotels restaurants'), ('restaurant & food', 'snack bar'), ('exhibitions', 'interactive exhibits'), ('shopping', 'restaurants bars'), ('ocean view', 'east coast'), ('animals', 'rays sharks'), ('animals', 'lion show'), ('restaurant & food', 'food trucks'), ('peaceful serene', 'peaceful serene'), ('highly recommended', 'highly recommend'), ('music', 'music playing'), ('whale watching', 'whale watch'), ('sea creature', 'whale watch'), ('animals', 'whale watch'), ('exhibitions', 'interactive displays'), ('amusement park', 'theme parks'), ('performance', 'live music'), ('cruise', 'harbor cruise'), ('natural view', 'kelp forest'), ('sea creature', 'seals sea'), ('animals', 'seals sea'), ('restaurant & food', 'fish tacos'), ('restaurant & food', 'fish tacos')]"
Armstrong Redwood State Reserve,"['restaurant & food', 'exhibitions', 'wines', 'ocean view', 'natural view', 'biking', 'peaceful serene', 'highly recommended', 'good for pictures', 'parks', 'water fountain', 'animals']","[('restaurant & food', 'ate lunch'), ('exhibitions', 'star wars'), ('wines', 'wine tasting'), ('ocean view', 'pacific coast'), ('natural view', 'giant redwoods'), ('biking', 'ride bikes'), ('restaurant & food', 'ate lunch'), ('peaceful serene', 'quiet serene'), ('highly recommended', 'highly recommend'), ('good for pictures', 'picture opportunities'), ('ocean view', 'pacific ocean'), ('natural view', 'national parks'), ('parks', 'national parks'), ('water fountain', 'water fountain'), ('natural view', 'giant redwoods'), ('animals', 'natural environment')]"
Artist's Drive,"['exhibitions', 'shopping', 'rock climbing ', 'car rental', 'highly recommended', 'good for pictures', 'amusement park', 'golf', 'parks', 'natural view']","[('exhibitions', 'star wars'), ('shopping', 'ice cream'), ('rock climbing ', 'rock formations'), ('car rental', 'hire car'), ('highly recommended', 'highly recommend'), ('good for pictures', 'photo opportunities'), ('good for pictures', 'picture taking'), ('amusement park', 'roller coaster'), ('golf', 'golf course'), ('parks', 'national park'), ('natural view', 'national park')]"
Asian Art Museum,"['restaurant & food', 'exhibitions', 'ocean view', 'museum', 'highly recommended', 'architecture', 'natural view', 'gardens', 'performance', 'historical site']","[('restaurant & food', 'lunch snack'), ('exhibitions', 'temporary exhibits'), ('ocean view', 'west coast'), ('museum', 'norton simon'), ('restaurant & food', 'food vendors'), ('highly recommended', 'highly recommend'), ('architecture', 'interior design'), ('natural view', 'palm trees'), ('gardens', 'japanese chinese'), ('performance', 'live performances'), ('historical site', 'history buffs')]"
Badwater,"['rock climbing ', 'highly recommended', 'good for pictures', 'golf', 'parks', 'natural view']","[('rock climbing ', 'rock face'), ('highly recommended', 'highly recommend'), ('good for pictures', 'picture opportunities'), ('good for pictures', 'taking pictures'), ('golf', 'golf course'), ('parks', 'national park'), ('natural view', 'national park')]"
Balboa Island,"['sea creature', 'animals', 'shopping', 'restaurant & food', 'exhibitions', 'ocean view', 'biking', 'beach', 'surfing', 'highly recommended', 'amusement park', 'whale watching']","[('sea creature', 'sea lions'), ('animals', 'sea lions'), ('shopping', 'shopping district'), ('restaurant & food', 'eat shop'), ('restaurant & food', 'shops restaurants'), ('restaurant & food', 'eat drink'), ('exhibitions', 'art galleries'), ('shopping', 'candy shops'), ('ocean view', 'pacific ocean'), ('biking', 'renting bikes'), ('beach', 'sandy beaches'), ('restaurant & food', 'mexican food'), ('surfing', 'swimming surfing'), ('highly recommended', 'highly recommend'), ('amusement park', 'carnival rides'), ('ocean view', 'pacific ocean'), ('whale watching', 'whale watching'), ('sea creature', 'whale watching'), ('animals', 'whale watching'), ('sea creature', 'saw dolphins'), ('animals', 'saw dolphins'), ('amusement park', 'amusement park'), ('shopping', 'quaint shops'), ('sea creature', 'sea lions'), ('animals', 'sea lions'), ('amusement park', 'ferris wheel')]"
Balboa Island Ferry,"['sea creature', 'animals', 'shopping', 'ocean view', 'biking', 'beach', 'restaurant & food', 'surfing', 'highly recommended', 'whale watching', 'amusement park']","[('sea creature', 'sea lions'), ('animals', 'sea lions'), ('shopping', 'ice cream'), ('ocean view', 'pacific coast'), ('biking', 'rented bikes'), ('beach', 'newport beach'), ('restaurant & food', 'mexican food'), ('surfing', 'paddle boarding'), ('highly recommended', 'highly recommend'), ('whale watching', 'whale watching'), ('sea creature', 'whale watching'), ('animals', 'whale watching'), ('amusement park', 'amusement park'), ('sea creature', 'sea lions'), ('animals', 'sea lions')]"
Balboa Park,"['exhibitions', 'performance', 'shopping', 'natural view', 'museum', 'gardens', 'concert', 'restaurant & food', 'highly recommended', 'arts', 'music', 'architecture', 'good for pictures', 'amusement park', 'historical site']","[('exhibitions', 'temporary exhibits'), ('performance', 'street entertainers'), ('shopping', 'ice cream'), ('natural view', 'tall trees'), ('museum', 'art museum'), ('gardens', 'tea garden'), ('concert', 'organ concert'), ('restaurant & food', 'food options'), ('highly recommended', 'highly recommend'), ('arts', 'fine art'), ('music', 'music playing'), ('architecture', 'spanish architecture'), ('good for pictures', 'photo opportunities'), ('natural view', 'palm trees'), ('amusement park', 'theme parks'), ('performance', 'live performances'), ('shopping', 'shopping dining'), ('historical site', 'veterans memorial')]"
Battleship USS Iowa BB-61,"['exhibitions', 'museum', 'highly recommended', 'good for pictures', 'historical site']","[('exhibitions', 'wwii korean'), ('museum', 'maritime museum'), ('highly recommended', 'highly recommend'), ('good for pictures', 'photo op'), ('historical site', 'history buffs')]"
Birch Aquarium at Scripps,"['sea creature', 'animals', 'restaurant & food', 'exhibitions', 'ocean view', 'highly recommended', 'water fountain', 'natural view']","[('sea creature', 'sea horses'), ('animals', 'sea horses'), ('restaurant & food', 'snack bar'), ('exhibitions', 'rotating exhibits'), ('ocean view', 'pacific ocean'), ('animals', 'jelly fish'), ('animals', 'shark feeding'), ('restaurant & food', 'food drinks'), ('highly recommended', 'highly recommend'), ('ocean view', 'pacific ocean'), ('water fountain', 'water fountain'), ('exhibitions', 'interactive displays'), ('natural view', 'kelp forest')]"
Bixby Bridge,"['exhibitions', 'wines', 'ocean view', 'highly recommended', 'architecture', 'good for pictures', 'parks', 'natural view']","[('exhibitions', 'art deco'), ('wines', 'wine tasting'), ('ocean view', 'pacific coast'), ('highly recommended', 'highly recommend'), ('architecture', 'architectural wonder'), ('good for pictures', 'photo ops'), ('good for pictures', 'taking pictures'), ('ocean view', 'pacific ocean'), ('parks', 'state park'), ('natural view', 'state park')]"
Bridalveil Falls,"['rock climbing', 'shopping', 'surfing', 'highly recommended', 'good for pictures', 'parks', 'natural view']","[('rock climbing', 'slippery rocks'), ('shopping', 'souvenir shops'), ('surfing', 'crashing waves'), ('highly recommended', 'highly recommend'), ('good for pictures', 'picture opportunities'), ('good for pictures', 'taking photos'), ('parks', 'national park'), ('natural view', 'national park')]"
Cable Car Museum,"['restaurant & food', 'shopping', 'animals', 'highly recommended', 'architecture', 'good for pictures', 'mountain view', 'historical site']","[('restaurant & food', 'coffee shop'), ('shopping', 'coffee shop'), ('animals', 'birds eye'), ('highly recommended', 'highly suggest'), ('architecture', 'engineering marvel'), ('good for pictures', 'photo op'), ('mountain view', 'nob hill'), ('historical site', 'history buffs')]"
Cabrillo National Monument,"['sea creature', 'animals', 'restaurant & food', 'exhibitions', 'ocean view', 'natural view', 'museum', 'rock climbing ', 'surfing', 'car rental', 'highly recommended', 'good for pictures', 'whale watching', 'mountain view', 'historical site', 'amusement park']","[('sea creature', 'tide pools'), ('animals', 'tide pools'), ('restaurant & food', 'snack bar'), ('exhibitions', 'native americans'), ('ocean view', 'pacific ocean'), ('animals', 'birds eye'), ('natural view', 'pine trees'), ('museum', 'museum tells'), ('rock climbing ', 'rock formations'), ('surfing', 'watch sunset'), ('car rental', 'rental car'), ('restaurant & food', 'snacks drinks'), ('highly recommended', 'highly recommend'), ('good for pictures', 'photo opportunities'), ('natural view', 'pine trees'), ('good for pictures', 'taking pictures'), ('ocean view', 'pacific ocean'), ('whale watching', 'whale watching'), ('sea creature', 'whale watching'), ('animals', 'whale watching'), ('mountain view', 'sits atop'), ('historical site', 'historical site'), ('amusement park', 'amusement parks'), ('natural view', 'kelp forest'), ('historical site', 'history buffs')]"
Calico Ghost Town,"['shopping', 'restaurant & food', 'exhibitions', 'peaceful serene', 'highly recommended', 'music', 'architecture', 'good for pictures', 'amusement park', 'historical site', 'parks', 'natural view']","[('shopping', 'shopping mall'), ('restaurant & food', 'souvenir shop'), ('restaurant & food', 'stores restaurants'), ('exhibitions', 'african american'), ('restaurant & food', 'hot dog'), ('shopping', 'shops restaurants'), ('restaurant & food', 'food vendors'), ('peaceful serene', 'peace quiet'), ('highly recommended', 'highly recommend'), ('music', 'band playing'), ('architecture', 'western style'), ('good for pictures', 'picture opportunities'), ('good for pictures', 'taking pictures'), ('amusement park', 'theme park'), ('amusement park', 'theme parks'), ('shopping', 'quaint shops'), ('historical site', 'history buff'), ('parks', 'national park'), ('natural view', 'national park')]"
California Academy of Sciences,"['sea creature', 'animals', 'restaurant & food', 'exhibitions', 'performance', 'wines', 'shopping', 'museum', 'theater', 'gardens', 'highly recommended', 'good for pictures', 'aquarium']","[('sea creature', 'sea horses'), ('animals', 'sea horses'), ('restaurant & food', 'coffee shop'), ('exhibitions', 'temporary exhibits'), ('performance', 'living roof'), ('wines', 'beer wine'), ('shopping', 'coffee shop'), ('museum', 'science museum'), ('theater', 'imax movie'), ('gardens', 'tea garden'), ('animals', 'planetarium show'), ('restaurant & food', 'food trucks'), ('highly recommended', 'highly recommend'), ('good for pictures', 'taking pictures'), ('exhibitions', 'interactive displays'), ('performance', 'live music'), ('theater', 'imax movie'), ('aquarium', 'planetarium aquarium'), ('performance', 'planetarium show')]"
California Science Center,"['sea creature', 'animals', 'exhibitions', 'shopping', 'theater', 'gardens', 'restaurant & food', 'highly recommended', 'good for pictures']","[('sea creature', 'sea creatures'), ('animals', 'sea creatures'), ('exhibitions', 'special exhibitions'), ('shopping', 'ice cream'), ('animals', 'touch tanks'), ('theater', 'imax theater'), ('gardens', 'rose garden'), ('restaurant & food', 'food options'), ('highly recommended', 'highly recommend'), ('good for pictures', 'photo opportunities'), ('exhibitions', 'interactive displays'), ('theater', 'imax theater')]"
California State Capitol Museum,"['restaurant & food', 'exhibitions', 'shopping', 'natural view', 'gardens', 'highly recommended', 'music', 'good for pictures', 'water fountain', 'historical site']","[('restaurant & food', 'coffee shop'), ('restaurant & food', 'ate lunch'), ('exhibitions', 'art work'), ('shopping', 'coffee shop'), ('natural view', 'coastal redwoods'), ('gardens', 'rose garden'), ('restaurant & food', 'ate lunch'), ('highly recommended', 'highly suggest'), ('music', 'music playing'), ('good for pictures', 'taking pictures'), ('water fountain', 'water fountain'), ('natural view', 'palm trees'), ('historical site', 'history lesson'), ('historical site', 'veterans memorial')]"
California State Railroad Museum,"['restaurant & food', 'exhibitions', 'shopping', 'ocean view', 'highly recommended', 'good for pictures', 'historical site']","[('restaurant & food', 'eat drink'), ('exhibitions', 'art work'), ('shopping', 'ice cream'), ('ocean view', 'west coast'), ('restaurant & food', 'sweet treats'), ('highly recommended', 'highly recommend'), ('good for pictures', 'photo ops'), ('exhibitions', 'interactive displays'), ('historical site', 'history buffs'), ('restaurant & food', 'hot chocolate')]"
Cannery Row,"['sea creature', 'animals', 'shopping', 'restaurant & food', 'wines', 'ocean view', 'biking', 'beach', 'highly recommended', 'pier', 'whale watching', 'historical site', 'performance']","[('sea creature', 'seals otters'), ('animals', 'seals otters'), ('shopping', 'shopping district'), ('restaurant & food', 'eat shop'), ('restaurant & food', 'shops restaurants'), ('wines', 'wine tasting'), ('shopping', 'candy shops'), ('ocean view', 'west coast'), ('animals', 'jelly fish'), ('biking', 'bike ride'), ('beach', 'pismo beach'), ('restaurant & food', 'food options'), ('highly recommended', 'highly recommend'), ('pier', 'pismo beach'), ('whale watching', 'whale watching'), ('sea creature', 'whale watching'), ('animals', 'whale watching'), ('historical site', 'historic site'), ('performance', 'live music'), ('shopping', 'quaint shops'), ('shopping', 'shopping dining'), ('sea creature', 'seals otters'), ('animals', 'seals otters'), ('restaurant & food', 'hot fudge'), ('shopping', 'shopping center')]"
Carmel River State Beach,"['sea creature', 'animals', 'restaurant & food', 'exhibitions', 'wines', 'shopping', 'ocean view', 'natural view', 'surfing', 'car rental', 'highly recommended', 'good for pictures', 'water fountain', 'golf']","[('sea creature', 'dolphins whales'), ('animals', 'dolphins whales'), ('restaurant & food', 'coffee shop'), ('restaurant & food', 'italian restaurants'), ('exhibitions', 'art galleries'), ('wines', 'wine tasting'), ('shopping', 'shops restaurants'), ('ocean view', 'pacific coast'), ('natural view', 'cypress trees'), ('surfing', 'watching surfers'), ('car rental', 'rental car'), ('restaurant & food', 'food outlets'), ('surfing', 'crashing waves'), ('highly recommended', 'highly recommend'), ('good for pictures', 'photo opportunities'), ('ocean view', 'pacific ocean'), ('water fountain', 'water fountain'), ('sea creature', 'saw dolphins'), ('animals', 'saw dolphins'), ('sea creature', 'dolphins whales'), ('animals', 'dolphins whales'), ('golf', 'golf course')]"
Castello di Amorosa,"['exhibitions', 'wines', 'natural view', 'restaurant & food', 'highly recommended', 'architecture', 'good for pictures']","[('exhibitions', 'art deco'), ('wines', 'wine tastings'), ('natural view', 'redwood forest'), ('restaurant & food', 'dessert wines'), ('highly recommended', 'highly recommend'), ('architecture', 'architectural details'), ('good for pictures', 'photo shots'), ('good for pictures', 'taking pictures'), ('natural view', 'redwood forest')]"
Children's Pool,"['sea creature', 'animals', 'exhibitions', 'rock climbing', 'shopping', 'ocean view', 'museum', 'rock climbing ', 'beach', 'surfing', 'highly recommended', 'natural view', 'good for pictures']","[('sea creature', 'sea shells'), ('animals', 'sea shells'), ('exhibitions', 'art museum'), ('rock climbing', 'feet wet'), ('shopping', 'coffee shops'), ('ocean view', 'pacific ocean'), ('museum', 'art museum'), ('rock climbing ', 'rock formations'), ('beach', 'sandy beach'), ('surfing', 'watch sunset'), ('surfing', 'waves crashing'), ('highly recommended', 'highly recommend'), ('natural view', 'nature lovers'), ('good for pictures', 'photo opportunities'), ('good for pictures', 'taking selfies'), ('ocean view', 'pacific ocean'), ('animals', 'natural habitat'), ('sea creature', 'seals sea'), ('animals', 'seals sea'), ('animals', 'wild animals')]"
Chinatown,"['shopping', 'restaurant & food', 'exhibitions', 'bridge', 'performance', 'gardens', 'highly recommended', 'music', 'amusement park', 'good for pictures', 'mountain view']","[('shopping', 'shopping mall'), ('restaurant & food', 'souvenir shop'), ('restaurant & food', 'restaurants serving'), ('exhibitions', 'asian culture'), ('bridge', 'gate bridge'), ('performance', 'street musicians'), ('shopping', 'shops restaurants'), ('gardens', 'tea garden'), ('restaurant & food', 'food options'), ('highly recommended', 'highly recommend'), ('music', 'musicians playing'), ('amusement park', 'carnival rides'), ('good for pictures', 'photo op'), ('mountain view', 'nob hill'), ('shopping', 'cute shops'), ('restaurant & food', 'fresh fish'), ('restaurant & food', 'fresh fish')]"
Citadel Outlets,"['shopping', 'restaurant & food', 'highly recommended', 'music']","[('shopping', 'shopping mall'), ('restaurant & food', 'coffee shop'), ('restaurant & food', 'restaurants nearby'), ('shopping', 'coffee shops'), ('restaurant & food', 'food options'), ('highly recommended', 'highly recommend'), ('music', 'music playing'), ('shopping', 'outdoor mall'), ('shopping', 'shopping centre')]"
Coit Tower,"['exhibitions', 'bridge', 'shopping', 'museum', 'highly recommended', 'arts', 'good for pictures', 'mountain view']","[('exhibitions', 'men women'), ('bridge', 'bay bridge'), ('shopping', 'cheap souvenirs'), ('museum', 'art museum'), ('highly recommended', 'highly recommend'), ('arts', 'fine arts'), ('good for pictures', 'picture taking'), ('mountain view', 'hill overlooking')]"
Coronado Bridge,"['restaurant & food', 'exhibitions', 'beach', 'car rental', 'highly recommended', 'cruise', 'historical site', 'amusement park', 'ferry']","[('restaurant & food', 'ate lunch'), ('exhibitions', 'art galleries'), ('beach', 'sandy beaches'), ('car rental', 'rental car'), ('restaurant & food', 'ate lunch'), ('highly recommended', 'highly recommend'), ('cruise', 'harbor cruise'), ('historical site', 'veterans memorial'), ('amusement park', 'roller coaster'), ('ferry', 'ferry landing')]"
Coronado Island,"['restaurant & food', 'bridge', 'shopping', 'ocean view', 'biking', 'beach', 'surfing', 'car rental', 'highly recommended', 'music', 'good for pictures', 'performance', 'cruise', 'ferry']","[('restaurant & food', 'shops restaurants'), ('bridge', 'bay bridge'), ('shopping', 'shops restaurants'), ('ocean view', 'pacific ocean'), ('biking', 'ride bikes'), ('beach', 'sandy beach'), ('surfing', 'watch sunset'), ('car rental', 'car rental'), ('restaurant & food', 'food options'), ('surfing', 'soft sand'), ('highly recommended', 'highly recommend'), ('music', 'band playing'), ('good for pictures', 'taking pictures'), ('ocean view', 'pacific ocean'), ('performance', 'live music'), ('shopping', 'quaint shops'), ('cruise', 'harbor cruise'), ('ferry', 'ferry boat')]"
Crissy Field,"['sea creature', 'animals', 'restaurant & food', 'rock climbing', 'bridge', 'shopping', 'ocean view', 'biking', 'beach', 'car rental', 'surfing', 'highly recommended', 'arts', 'good for pictures', 'whale watching', 'natural view', 'parks']","[('sea creature', 'sea lions'), ('animals', 'sea lions'), ('restaurant & food', 'restaurants nearby'), ('restaurant & food', 'snack shack'), ('rock climbing', 'feet wet'), ('bridge', 'bay bridge'), ('restaurant & food', 'hot dog'), ('shopping', 'coffee shops'), ('ocean view', 'pacific ocean'), ('animals', 'birds eye'), ('biking', 'rented bikes'), ('beach', 'sandy beach'), ('car rental', 'car rental'), ('restaurant & food', 'snack shack'), ('surfing', 'crashing waves'), ('highly recommended', 'highly recommend'), ('arts', 'fine arts'), ('good for pictures', 'photo op'), ('good for pictures', 'taking pictures'), ('ocean view', 'pacific ocean'), ('whale watching', 'whale watch'), ('sea creature', 'whale watch'), ('animals', 'whale watch'), ('natural view', 'national parks'), ('parks', 'national parks'), ('sea creature', 'sea lions'), ('animals', 'sea lions'), ('restaurant & food', 'hot chocolate'), ('parks', 'national park'), ('natural view', 'national park')]"
Crystal Cove State Park,"['sea creature', 'animals', 'restaurant & food', 'ocean view', 'rock climbing ', 'beach', 'peaceful serene', 'surfing', 'highly recommended', 'water fountain', 'natural view']","[('sea creature', 'dolphins swimming'), ('animals', 'dolphins swimming'), ('restaurant & food', 'breakfast lunch'), ('ocean view', 'pacific ocean'), ('rock climbing ', 'rock formations'), ('beach', 'laguna beach'), ('restaurant & food', 'food options'), ('peaceful serene', 'quiet peaceful'), ('surfing', 'dolphins swimming'), ('highly recommended', 'highly suggest'), ('ocean view', 'pacific ocean'), ('water fountain', 'water fountain'), ('sea creature', 'sea lions'), ('animals', 'sea lions'), ('natural view', 'desert oasis')]"
Dante's View,"['exhibitions', 'highly recommended', 'good for pictures', 'natural view', 'parks', 'golf']","[('exhibitions', 'star wars'), ('highly recommended', 'highly recommend'), ('good for pictures', 'photo op'), ('natural view', 'national parks'), ('parks', 'national parks'), ('golf', 'golf course'), ('parks', 'national park'), ('natural view', 'national park')]"
Disney California Adventure Park,"['shopping', 'exhibitions', 'natural view', 'beach', 'restaurant & food', 'highly recommended', 'music', 'good for pictures', 'mountain view', 'amusement park']","[('shopping', 'shopping mall'), ('exhibitions', 'star wars'), ('natural view', 'john muir'), ('beach', 'laguna beach'), ('restaurant & food', 'food choices'), ('highly recommended', 'highly suggest'), ('music', 'music dancing'), ('good for pictures', 'taking pictures'), ('mountain view', 'nob hill'), ('natural view', 'palm tree'), ('amusement park', 'amusement parks'), ('amusement park', 'thrill rides'), ('amusement park', 'universal studios'), ('amusement park', 'universal studios')]"
Disneyland Park,"['shopping', 'restaurant & food', 'exhibitions', 'ocean view', 'highly recommended', 'good for pictures', 'water fountain', 'amusement park']","[('shopping', 'shopping district'), ('restaurant & food', 'hotels restaurants'), ('restaurant & food', 'ate dinner'), ('exhibitions', 'star wars'), ('shopping', 'souvenir shops'), ('ocean view', 'west coast'), ('restaurant & food', 'food options'), ('highly recommended', 'highly suggest'), ('good for pictures', 'photo ops'), ('good for pictures', 'picture taking'), ('water fountain', 'water fountain'), ('amusement park', 'amusement parks'), ('amusement park', 'roller coasters'), ('amusement park', 'universal studios'), ('amusement park', 'universal studios')]"
Dodger Stadium,"['restaurant & food', 'exhibitions', 'shopping', 'ocean view', 'beach', 'highly recommended', 'good for pictures', 'parks', 'natural view']","[('restaurant & food', 'souvenir shop'), ('exhibitions', 'star wars'), ('restaurant & food', 'hot dog'), ('shopping', 'souvenir shop'), ('ocean view', 'west coast'), ('beach', 'venice beach'), ('restaurant & food', 'food offerings'), ('highly recommended', 'highly recommend'), ('good for pictures', 'photo ops'), ('parks', 'ball park'), ('natural view', 'palm trees')]"
Domaine Carneros,"['wines', 'ocean view', 'gardens', 'restaurant & food', 'highly recommended', 'architecture', 'good for pictures', 'mountain view']","[('wines', 'wine tastings'), ('ocean view', 'east coast'), ('gardens', 'rose gardens'), ('restaurant & food', 'cheese plate'), ('highly recommended', 'highly recommend'), ('architecture', 'style architecture'), ('good for pictures', 'photo ops'), ('mountain view', 'hill overlooking')]"
Downtown Disney,"['shopping', 'restaurant & food', 'exhibitions', 'performance', 'theater', 'car rental', 'highly recommended', 'music', 'amusement park']","[('shopping', 'shopping mall'), ('restaurant & food', 'souvenir shop'), ('restaurant & food', 'mexican restaurants'), ('exhibitions', 'star wars'), ('performance', 'street performers'), ('shopping', 'shops restaurants'), ('theater', 'movie theater'), ('car rental', 'car rental'), ('restaurant & food', 'sweet treats'), ('highly recommended', 'highly recommend'), ('music', 'music playing'), ('amusement park', 'theme park'), ('amusement park', 'theme parks'), ('performance', 'live entertainment'), ('theater', 'movie theater'), ('shopping', 'shopping eating'), ('shopping', 'shopping center')]"
El Capitan,"['rock climbing', 'rock climbing ', 'surfing', 'highly recommended', 'good for pictures', 'natural view', 'parks']","[('rock climbing', 'granite rock'), ('rock climbing ', 'cliff face'), ('surfing', 'cliff face'), ('highly recommended', 'highly recommended'), ('good for pictures', 'photo shots'), ('good for pictures', 'taking pictures'), ('natural view', 'national parks'), ('parks', 'national parks'), ('parks', 'national park'), ('natural view', 'national park')]"
Elephant Seal Rookery,"['sea creature', 'animals', 'ocean view', 'beach', 'highly recommended', 'natural view', 'good for pictures']","[('sea creature', 'sea birds'), ('animals', 'sea birds'), ('ocean view', 'coast highway'), ('beach', 'sandy beach'), ('highly recommended', 'highly recommend'), ('natural view', 'nature lover'), ('good for pictures', 'picture opportunities'), ('animals', 'natural environment'), ('sea creature', 'sea lions'), ('animals', 'sea lions'), ('animals', 'wild animals')]"
Exploratorium,"['sea creature', 'animals', 'exhibitions', 'bridge', 'museum', 'surfing', 'highly recommended', 'arts', 'water fountain']","[('sea creature', 'sea glass'), ('animals', 'sea glass'), ('exhibitions', 'special exhibits'), ('bridge', 'bay bridge'), ('museum', 'science museum'), ('surfing', 'waters edge'), ('highly recommended', 'highly suggest'), ('arts', 'fine arts'), ('water fountain', 'water fountain'), ('exhibitions', 'interactive displays')]"
Ferry Building Marketplace,"['sea creature', 'animals', 'restaurant & food', 'exhibitions', 'bridge', 'performance', 'wines', 'shopping', 'ocean view', 'highly recommended']","[('sea creature', 'sea lions'), ('animals', 'sea lions'), ('restaurant & food', 'coffee shop'), ('restaurant & food', 'restaurants bars'), ('restaurant & food', 'lunch dinner'), ('exhibitions', 'vast collection'), ('bridge', 'bay bridge'), ('performance', 'street vendors'), ('wines', 'wine beer'), ('shopping', 'shops restaurants'), ('ocean view', 'pacific coast'), ('restaurant & food', 'wine beer'), ('highly recommended', 'highly recommend'), ('shopping', 'shopping dining'), ('sea creature', 'sea lions'), ('animals', 'sea lions'), ('restaurant & food', 'fresh fish'), ('restaurant & food', 'fresh fish')]"
Fisherman's Wharf,"['sea creature', 'animals', 'shopping', 'restaurant & food', 'bridge', 'performance', 'museum', 'biking', 'amusement park', 'parks', 'natural view']","[('sea creature', 'sea lions'), ('animals', 'sea lions'), ('shopping', 'shopping district'), ('restaurant & food', 'shops restaurants'), ('restaurant & food', 'eat drink'), ('bridge', 'bay bridge'), ('performance', 'street entertainers'), ('shopping', 'shops restaurants'), ('museum', 'maritime museum'), ('biking', 'bike rentals'), ('restaurant & food', 'clam chowder'), ('amusement park', 'amusement park'), ('performance', 'live music'), ('shopping', 'cute shops'), ('shopping', 'shopping dining'), ('sea creature', 'sea lions'), ('animals', 'sea lions'), ('restaurant & food', 'fresh fish'), ('parks', 'national park'), ('natural view', 'national park'), ('restaurant & food', 'fresh fish')]"
Fort Rosecrans Cemetery,"['sea creature', 'animals', 'exhibitions', 'ocean view', 'biking', 'surfing', 'highly recommended', 'good for pictures', 'historical site', 'parks', 'natural view', 'mexican']","[('sea creature', 'tide pools'), ('animals', 'tide pools'), ('exhibitions', 'american war'), ('ocean view', 'pacific ocean'), ('biking', 'bike riding'), ('surfing', 'watch sunset'), ('highly recommended', 'highly recommended'), ('good for pictures', 'picture taking'), ('ocean view', 'pacific ocean'), ('historical site', 'tribute veterans'), ('parks', 'national park'), ('natural view', 'national park'), ('mexican', 'mexican american')]"
General Sherman Tree,"['restaurant & food', 'performance', 'ocean view', 'natural view', 'rock climbing ', 'highly recommended', 'good for pictures', 'parks']","[('restaurant & food', 'picnic lunch'), ('performance', 'largest living'), ('ocean view', 'east coast'), ('natural view', 'massive trees'), ('rock climbing ', 'moro rock'), ('highly recommended', 'highly recommend'), ('natural view', 'nature lovers'), ('good for pictures', 'photo opportunities'), ('good for pictures', 'taking pictures'), ('natural view', 'national parks'), ('parks', 'national parks'), ('natural view', 'giant sequoias'), ('parks', 'national park'), ('natural view', 'national park')]"
Ghirardelli Square,"['shopping', 'restaurant & food', 'bridge', 'performance', 'wines', 'highly recommended', 'good for pictures', 'mountain view', 'historical site']","[('shopping', 'shopping mall'), ('restaurant & food', 'restaurants bars'), ('bridge', 'gate bridge'), ('performance', 'street entertainers'), ('wines', 'wine tasting'), ('shopping', 'chocolate store'), ('restaurant & food', 'sweet treats'), ('highly recommended', 'highly recommend'), ('good for pictures', 'photo op'), ('mountain view', 'nob hill'), ('historical site', 'historic site'), ('performance', 'live music'), ('shopping', 'cute shops'), ('shopping', 'outdoor mall'), ('restaurant & food', 'hot fudge'), ('shopping', 'shopping center')]"
Giant Forest,"['exhibitions', 'performance', 'natural view', 'rock climbing ', 'highly recommended', 'good for pictures', 'parks', 'animals']","[('exhibitions', 'star wars'), ('performance', 'largest living'), ('natural view', 'majestic trees'), ('rock climbing ', 'moro rock'), ('highly recommended', 'highly suggest'), ('natural view', 'nature lover'), ('good for pictures', 'photo ops'), ('natural view', 'pine trees'), ('good for pictures', 'taking pictures'), ('natural view', 'national parks'), ('parks', 'national parks'), ('animals', 'wild animals'), ('parks', 'national park'), ('natural view', 'national park')]"
Glacier Point,"['restaurant & food', 'shopping', 'animals', 'natural view', 'rock climbing ', 'surfing', 'highly recommended', 'good for pictures', 'parks']","[('restaurant & food', 'snack shop'), ('restaurant & food', 'snack shack'), ('shopping', 'ice cream'), ('animals', 'birds eye'), ('natural view', 'giant trees'), ('rock climbing ', 'rock formations'), ('surfing', 'watch sunset'), ('restaurant & food', 'snack shack'), ('highly recommended', 'highly recommend'), ('good for pictures', 'photo ops'), ('natural view', 'national parks'), ('parks', 'national parks'), ('natural view', 'giant trees'), ('animals', 'wild animal'), ('parks', 'national park'), ('natural view', 'national park')]"
Glass Beach,"['sea creature', 'animals', 'rock climbing', 'ocean view', 'natural view', 'rock climbing ', 'biking', 'surfing', 'highly recommended', 'good for pictures', 'parks', 'water fountain']","[('sea creature', 'tide pool'), ('animals', 'tide pool'), ('rock climbing', 'feet wet'), ('ocean view', 'west coast'), ('animals', 'birds flying'), ('natural view', 'redwood forest'), ('rock climbing ', 'rock formations'), ('biking', 'bike ride'), ('surfing', 'crashing waves'), ('highly recommended', 'highly recommend'), ('good for pictures', 'photo ops'), ('natural view', 'state parks'), ('parks', 'state parks'), ('water fountain', 'water fountains'), ('natural view', 'redwood forest'), ('sea creature', 'sea lions'), ('animals', 'sea lions'), ('parks', 'state park'), ('natural view', 'state park')]"
Golden Gate Bridge,"['sea creature', 'animals', 'exhibitions', 'restaurant & food', 'shopping', 'ocean view', 'natural view', 'biking', 'car rental', 'highly recommended', 'arts', 'architecture', 'good for pictures', 'parks']","[('sea creature', 'sea lions'), ('animals', 'sea lions'), ('exhibitions', 'art deco'), ('restaurant & food', 'hot dog'), ('shopping', 'ice cream'), ('ocean view', 'pacific ocean'), ('natural view', 'muir woods'), ('biking', 'rented bikes'), ('car rental', 'rental car'), ('restaurant & food', 'clam chowder'), ('highly recommended', 'highly recommend'), ('arts', 'fine arts'), ('architecture', 'engineering marvel'), ('good for pictures', 'picture opportunities'), ('good for pictures', 'taking pictures'), ('ocean view', 'pacific ocean'), ('sea creature', 'sea lions'), ('animals', 'sea lions'), ('parks', 'national park'), ('natural view', 'national park')]"
Golden Gate Park,"['exhibitions', 'performance', 'restaurant & food', 'ocean view', 'natural view', 'museum', 'gardens', 'biking', 'highly recommended', 'music', 'aquarium', 'golf']","[('exhibitions', 'art museum'), ('performance', 'living roof'), ('restaurant & food', 'hot dog'), ('ocean view', 'pacific ocean'), ('natural view', 'redwood forest'), ('museum', 'science museum'), ('gardens', 'tea garden'), ('biking', 'rented bikes'), ('restaurant & food', 'food trucks'), ('highly recommended', 'highly recommend'), ('music', 'musicians playing'), ('natural view', 'flowers trees'), ('ocean view', 'pacific ocean'), ('natural view', 'palm trees'), ('natural view', 'redwood forest'), ('aquarium', 'planetarium aquarium'), ('golf', 'golf course')]"
Grace Cathedral,"['restaurant & food', 'exhibitions', 'bridge', 'shopping', 'concert', 'peaceful serene', 'highly recommended', 'arts', 'architecture', 'good for pictures', 'mountain view', 'performance']","[('restaurant & food', 'coffee shop'), ('exhibitions', 'contemporary art'), ('bridge', 'gate bridge'), ('shopping', 'coffee shop'), ('concert', 'organ concert'), ('peaceful serene', 'quiet serene'), ('highly recommended', 'highly recommend'), ('arts', 'fine art'), ('architecture', 'architectural wonder'), ('good for pictures', 'photo op'), ('mountain view', 'sits atop'), ('performance', 'live music')]"
Griffith Observatory,"['exhibitions', 'theater', 'beach', 'animals', 'highly recommended', 'good for pictures', 'mountain view', 'performance']","[('exhibitions', 'interactive exhibits'), ('theater', 'greek theatre'), ('beach', 'newport beach'), ('animals', 'planetarium show'), ('highly recommended', 'highly recommend'), ('good for pictures', 'photo opportunities'), ('mountain view', 'sits atop'), ('exhibitions', 'interactive exhibits'), ('performance', 'planetarium show')]"
Griffith Park,"['restaurant & food', 'exhibitions', 'animals', 'natural view', 'museum', 'theater', 'surfing', 'highly recommended', 'good for pictures', 'water fountain', 'historical site', 'performance', 'golf']","[('restaurant & food', 'snack bar'), ('exhibitions', 'special exhibition'), ('animals', 'bird eye'), ('natural view', 'pine trees'), ('museum', 'railroad museum'), ('theater', 'greek theatre'), ('animals', 'planetarium show'), ('restaurant & food', 'snack bar'), ('surfing', 'basketball courts'), ('highly recommended', 'highly recommend'), ('good for pictures', 'photo ops'), ('natural view', 'pine trees'), ('water fountain', 'water fountains'), ('historical site', 'history buff'), ('performance', 'planetarium show'), ('golf', 'golf course'), ('animals', 'wild animals')]"
Haight-Ashbury,"['shopping', 'restaurant & food', 'exhibitions', 'bridge', 'performance', 'beach', 'car rental', 'highly recommended', 'architecture']","[('shopping', 'shopping district'), ('restaurant & food', 'shop eat'), ('restaurant & food', 'cafes restaurants'), ('exhibitions', 'american culture'), ('bridge', 'gate bridge'), ('performance', 'street musicians'), ('shopping', 'coffee shops'), ('beach', 'venice beach'), ('car rental', 'rental car'), ('restaurant & food', 'craft beer'), ('highly recommended', 'highly recommended'), ('architecture', 'spanish style'), ('shopping', 'quaint shops')]"
Half Dome,"['restaurant & food', 'rock climbing', 'natural view', 'rock climbing ', 'highly recommended', 'good for pictures', 'parks']","[('restaurant & food', 'ate lunch'), ('rock climbing', 'granite rock'), ('natural view', 'john muir'), ('rock climbing ', 'rock formations'), ('restaurant & food', 'ate lunch'), ('highly recommended', 'highly suggest'), ('natural view', 'nature lover'), ('good for pictures', 'photo ops'), ('good for pictures', 'taking pictures'), ('natural view', 'national parks'), ('parks', 'national parks'), ('parks', 'national park'), ('natural view', 'national park')]"
Hearst Castle,"['sea creature', 'animals', 'restaurant & food', 'exhibitions', 'shopping', 'ocean view', 'theater', 'highly recommended', 'architecture', 'pools', 'arts', 'mountain view', 'natural view', 'parks', 'amusement park']","[('sea creature', 'sea lions'), ('animals', 'sea lions'), ('restaurant & food', 'ate lunch'), ('exhibitions', 'art collection'), ('shopping', 'snack bars'), ('ocean view', 'pacific coast'), ('theater', 'imax theater'), ('restaurant & food', 'ate lunch'), ('highly recommended', 'highly recommend'), ('architecture', 'architectural details'), ('pools', 'outdoor pool'), ('arts', 'art lover'), ('ocean view', 'pacific ocean'), ('mountain view', 'hill overlooking'), ('natural view', 'national parks'), ('parks', 'national parks'), ('amusement park', 'amusement parks'), ('theater', 'imax theater'), ('sea creature', 'sea lions'), ('animals', 'sea lions'), ('parks', 'national park'), ('natural view', 'national park')]"
Heisler Park,"['sea creature', 'animals', 'shopping', 'restaurant & food', 'exhibitions', 'rock climbing', 'ocean view', 'natural view', 'museum', 'gardens', 'rock climbing ', 'beach', 'surfing', 'highly recommended', 'good for pictures', 'mountain view', 'historical site']","[('sea creature', 'tide pools'), ('animals', 'tide pools'), ('shopping', 'shopping district'), ('restaurant & food', 'restaurants bars'), ('restaurant & food', 'ate dinner'), ('exhibitions', 'art museum'), ('rock climbing', 'feet wet'), ('shopping', 'restaurants bars'), ('ocean view', 'pacific ocean'), ('natural view', 'flowers trees'), ('museum', 'art museum'), ('gardens', 'flower garden'), ('rock climbing ', 'rock formations'), ('beach', 'beach volleyball'), ('surfing', 'watch surfers'), ('restaurant & food', 'ate dinner'), ('surfing', 'volleyball courts'), ('highly recommended', 'highly recommend'), ('good for pictures', 'photo ops'), ('natural view', 'flowers trees'), ('good for pictures', 'taking pictures'), ('ocean view', 'pacific ocean'), ('mountain view', 'sits atop'), ('historical site', 'veterans memorial')]"
Hollywood,"['shopping', 'restaurant & food', 'exhibitions', 'performance', 'theater', 'car rental', 'highly recommended', 'good for pictures', 'amusement park', 'historical site']","[('shopping', 'shopping mall'), ('restaurant & food', 'shops restaurants'), ('restaurant & food', 'ate lunch'), ('exhibitions', 'american culture'), ('performance', 'street entertainers'), ('shopping', 'shops restaurants'), ('theater', 'chinese theatre'), ('car rental', 'rented car'), ('restaurant & food', 'ate lunch'), ('highly recommended', 'highly recommend'), ('good for pictures', 'photo ops'), ('good for pictures', 'taking pictures'), ('amusement park', 'theme park'), ('theater', 'chinese theater'), ('historical site', 'history buffs'), ('shopping', 'outdoor mall'), ('shopping', 'shopping centre'), ('amusement park', 'universal studios'), ('amusement park', 'universal studios')]"
Hollywood Boulevard,"['shopping', 'restaurant & food', 'performance', 'theater', 'highly recommended', 'good for pictures']","[('shopping', 'shopping mall'), ('restaurant & food', 'bars restaurants'), ('performance', 'street vendors'), ('shopping', 'shops restaurants'), ('theater', 'chinese theatre'), ('restaurant & food', 'food options'), ('highly recommended', 'highly recommend'), ('good for pictures', 'photo opportunities'), ('good for pictures', 'taking pictures'), ('performance', 'live performances'), ('theater', 'chinese theater'), ('shopping', 'shopping centre')]"
Hollywood Bowl Museum,"['restaurant & food', 'performance', 'wines', 'theater', 'concert', 'highly recommended', 'music', 'exhibitions', 'historical site']","[('restaurant & food', 'restaurants nearby'), ('performance', 'street vendors'), ('restaurant & food', 'hot dogs'), ('wines', 'wine beer'), ('theater', 'greek theater'), ('concert', 'concert venue'), ('restaurant & food', 'wine beer'), ('highly recommended', 'highly recommend'), ('music', 'music dancing'), ('exhibitions', 'interactive displays'), ('historical site', 'historic site'), ('performance', 'live music')]"
Hollywood Sign,"['exhibitions', 'shopping', 'theater', 'restaurant & food', 'highly recommended', 'good for pictures', 'parks', 'natural view']","[('exhibitions', 'star wars'), ('shopping', 'cheap souvenirs'), ('theater', 'chinese theater'), ('restaurant & food', 'mexican restaurant'), ('highly recommended', 'highly recommend'), ('good for pictures', 'photo op'), ('good for pictures', 'taking pictures'), ('theater', 'chinese theater'), ('parks', 'national park'), ('natural view', 'national park')]"
Hollywood Walk of Fame,"['shopping', 'restaurant & food', 'exhibitions', 'performance', 'theater', 'highly recommended', 'good for pictures']","[('shopping', 'shopping mall'), ('restaurant & food', 'souvenir shop'), ('restaurant & food', 'stores restaurants'), ('restaurant & food', 'restaurant bar'), ('exhibitions', 'star wars'), ('performance', 'street vendors'), ('shopping', 'shops restaurants'), ('theater', 'movie theatre'), ('restaurant & food', 'restaurant bar'), ('highly recommended', 'highly suggest'), ('good for pictures', 'taking selfies'), ('theater', 'movie theatre'), ('restaurant & food', 'hot fudge'), ('shopping', 'shopping centre')]"
Huntington Beach Pier,"['sea creature', 'animals', 'shopping', 'restaurant & food', 'performance', 'ocean view', 'biking', 'beach', 'surfing', 'highly recommended', 'good for pictures']","[('sea creature', 'sea lions'), ('animals', 'sea lions'), ('shopping', 'shopping mall'), ('restaurant & food', 'souvenir shop'), ('restaurant & food', 'restaurants bars'), ('restaurant & food', 'breakfast lunch'), ('performance', 'street performers'), ('shopping', 'ice cream'), ('ocean view', 'pacific ocean'), ('animals', 'birds eye'), ('biking', 'rent bikes'), ('beach', 'sandy beaches'), ('surfing', 'watch surfers'), ('restaurant & food', 'food options'), ('surfing', 'playing volleyball'), ('highly recommended', 'highly recommend'), ('good for pictures', 'taking pictures'), ('ocean view', 'pacific ocean'), ('sea creature', 'saw dolphins'), ('animals', 'saw dolphins'), ('performance', 'live music'), ('sea creature', 'sea lions'), ('animals', 'sea lions'), ('restaurant & food', 'fish tacos'), ('restaurant & food', 'fish tacos')]"
Indian Canyons,"['restaurant & food', 'exhibitions', 'rock climbing', 'ocean view', 'rock climbing ', 'highly recommended', 'natural view', 'good for pictures', 'golf', 'animals', 'parks']","[('restaurant & food', 'snack bar'), ('exhibitions', 'native americans'), ('rock climbing', 'feet wet'), ('ocean view', 'east coast'), ('rock climbing ', 'rock formations'), ('restaurant & food', 'snack bar'), ('highly recommended', 'highly recommend'), ('natural view', 'nature lovers'), ('good for pictures', 'photo ops'), ('natural view', 'desert plants'), ('good for pictures', 'picture taking'), ('natural view', 'palm oasis'), ('golf', 'golf course'), ('natural view', 'desert oasis'), ('animals', 'wild animals'), ('parks', 'national park'), ('natural view', 'national park')]"
Irvine Spectrum Center,"['shopping', 'restaurant & food', 'exhibitions', 'animals', 'theater', 'beach', 'highly recommended', 'music', 'amusement park', 'mexican', 'architecture', 'water fountain', 'natural view', 'performance']","[('shopping', 'shopping mall'), ('restaurant & food', 'shop eat'), ('restaurant & food', 'shops restaurants'), ('restaurant & food', 'eat drink'), ('exhibitions', 'star wars'), ('shopping', 'shop dine'), ('animals', 'birds eye'), ('theater', 'movie theatre'), ('beach', 'newport beach'), ('restaurant & food', 'food options'), ('highly recommended', 'highly recommend'), ('music', 'music playing'), ('amusement park', 'amusement rides'), ('mexican', 'mexican cuisine'), ('architecture', 'architectural design'), ('water fountain', 'water fountains'), ('natural view', 'palm trees'), ('amusement park', 'theme park'), ('performance', 'live music'), ('theater', 'movie theatre'), ('shopping', 'outdoor mall'), ('amusement park', 'ferris wheel'), ('shopping', 'shopping centre')]"
Japanese Tea Garden,"['restaurant & food', 'exhibitions', 'shopping', 'natural view', 'museum', 'gardens', 'peaceful serene', 'highly recommended', 'good for pictures']","[('restaurant & food', 'coffee shop'), ('exhibitions', 'art museum'), ('shopping', 'coffee shop'), ('natural view', 'flowers trees'), ('museum', 'science museum'), ('gardens', 'botanical gardens'), ('peaceful serene', 'peaceful tranquil'), ('highly recommended', 'highly recommend'), ('good for pictures', 'photo opportunities'), ('natural view', 'flowers trees'), ('good for pictures', 'picture taking')]"
Jedediah Smith Redwoods State Park,"['restaurant & food', 'exhibitions', 'shopping', 'ocean view', 'natural view', 'highly recommended', 'good for pictures', 'animals']","[('restaurant & food', 'picnic lunch'), ('exhibitions', 'star wars'), ('shopping', 'ice cream'), ('ocean view', 'west coast'), ('natural view', 'majestic trees'), ('highly recommended', 'highly recommend'), ('good for pictures', 'picture opportunities'), ('natural view', 'redwood forest'), ('animals', 'natural habitat')]"
Julia Pfeiffer Burns State Park,"['sea creature', 'animals', 'restaurant & food', 'exhibitions', 'bridge', 'ocean view', 'natural view', 'rock climbing ', 'beach', 'car rental', 'surfing', 'highly recommended', 'good for pictures']","[('sea creature', 'sea lions'), ('animals', 'sea lions'), ('restaurant & food', 'ate lunch'), ('exhibitions', 'star wars'), ('bridge', 'bixby bridge'), ('ocean view', 'pacific coast'), ('natural view', 'majestic trees'), ('rock climbing ', 'cliff face'), ('beach', 'sandy beach'), ('car rental', 'rental car'), ('restaurant & food', 'ate lunch'), ('surfing', 'cliff face'), ('highly recommended', 'highly recommend'), ('good for pictures', 'photo ops'), ('ocean view', 'pacific ocean'), ('sea creature', 'saw dolphins'), ('animals', 'saw dolphins'), ('natural view', 'redwood forest'), ('sea creature', 'sea lions'), ('animals', 'sea lions')]"
Knott's Berry Farm,"['shopping', 'restaurant & food', 'exhibitions', 'gardens', 'highly recommended', 'amusement park', 'water fountain']","[('shopping', 'shopping mall'), ('restaurant & food', 'chicken dinner'), ('exhibitions', 'native american'), ('restaurant & food', 'hot dog'), ('shopping', 'vendors selling'), ('gardens', 'japanese gardens'), ('restaurant & food', 'junk food'), ('highly recommended', 'highly recommend'), ('amusement park', 'carnival rides'), ('water fountain', 'water fountains'), ('amusement park', 'amusement park'), ('amusement park', 'amusement parks'), ('shopping', 'cute shops'), ('amusement park', 'thrill rides'), ('amusement park', 'universal studios'), ('amusement park', 'universal studios')]"
LEGOLAND California,"['sea creature', 'animals', 'restaurant & food', 'exhibitions', 'shopping', 'highly recommended', 'good for pictures', 'water fountain', 'amusement park', 'performance']","[('sea creature', 'sea creatures'), ('animals', 'sea creatures'), ('restaurant & food', 'souvenir shop'), ('restaurant & food', 'dinner buffet'), ('exhibitions', 'star wars'), ('restaurant & food', 'hot dog'), ('shopping', 'souvenir shop'), ('animals', 'touch pool'), ('restaurant & food', 'food options'), ('highly recommended', 'highly recommend'), ('good for pictures', 'photo ops'), ('water fountain', 'water fountain'), ('exhibitions', 'lego displays'), ('amusement park', 'amusement park'), ('amusement park', 'amusement parks'), ('performance', 'live entertainment'), ('amusement park', 'roller coasters'), ('amusement park', 'universal studios'), ('amusement park', 'universal studios')]"
La Brea Tar Pits and Museum,"['restaurant & food', 'exhibitions', 'shopping', 'gardens', 'highly recommended', 'good for pictures', 'historical site', 'amusement park']","[('restaurant & food', 'souvenir shop'), ('restaurant & food', 'snack bar'), ('exhibitions', 'vast collection'), ('shopping', 'souvenir shop'), ('gardens', 'japanese garden'), ('restaurant & food', 'food trucks'), ('highly recommended', 'highly recommend'), ('good for pictures', 'photo ops'), ('exhibitions', 'interactive displays'), ('historical site', 'historical site'), ('amusement park', 'amusement parks'), ('historical site', 'history buffs')]"
La Jolla Cove,"['sea creature', 'animals', 'restaurant & food', 'performance', 'shopping', 'ocean view', 'rock climbing ', 'biking', 'beach', 'surfing', 'highly recommended', 'natural view', 'good for pictures', 'water fountain']","[('sea creature', 'seals sea'), ('animals', 'seals sea'), ('restaurant & food', 'shop eat'), ('restaurant & food', 'restaurants nearby'), ('restaurant & food', 'grab lunch'), ('performance', 'street vendors'), ('shopping', 'coffee shops'), ('ocean view', 'rugged coastline'), ('rock climbing ', 'rock formations'), ('biking', 'bike rental'), ('beach', 'sandy beach'), ('restaurant & food', 'food drinks'), ('surfing', 'crashing waves'), ('highly recommended', 'highly recommend'), ('natural view', 'nature lover'), ('good for pictures', 'photo ops'), ('good for pictures', 'taking pictures'), ('water fountain', 'water fountain'), ('shopping', 'cute shops'), ('natural view', 'kelp forest'), ('animals', 'natural environment'), ('shopping', 'shopping eating'), ('sea creature', 'seals sea'), ('animals', 'seals sea')]"
La Jolla Shores Park,"['sea creature', 'animals', 'restaurant & food', 'shopping', 'ocean view', 'rock climbing ', 'beach', 'surfing', 'highly recommended', 'music', 'good for pictures', 'natural view']","[('sea creature', 'sea lions'), ('animals', 'sea lions'), ('restaurant & food', 'coffee shop'), ('restaurant & food', 'mexican restaurants'), ('restaurant & food', 'eat drink'), ('shopping', 'coffee shop'), ('ocean view', 'pacific ocean'), ('animals', 'jelly fish'), ('rock climbing ', 'rock formations'), ('beach', 'sandy beach'), ('surfing', 'watching surfers'), ('restaurant & food', 'italian food'), ('surfing', 'waters edge'), ('highly recommended', 'highly recommend'), ('music', 'music playing'), ('good for pictures', 'taking selfies'), ('ocean view', 'pacific ocean'), ('natural view', 'palm trees'), ('sea creature', 'sea lions'), ('animals', 'sea lions')]"
Lands End,"['restaurant & food', 'exhibitions', 'rock climbing', 'bridge', 'shopping', 'ocean view', 'natural view', 'museum', 'surfing', 'highly recommended', 'good for pictures', 'whale watching', 'sea creature', 'animals', 'parks', 'golf']","[('restaurant & food', 'coffee shop'), ('restaurant & food', 'ate dinner'), ('exhibitions', 'art museum'), ('rock climbing', 'climbing rocks'), ('bridge', 'gg bridge'), ('shopping', 'coffee shop'), ('ocean view', 'pacific coast'), ('natural view', 'cypress trees'), ('museum', 'art museum'), ('restaurant & food', 'ate dinner'), ('surfing', 'waters edge'), ('highly recommended', 'highly recommend'), ('good for pictures', 'photo opportunities'), ('ocean view', 'pacific ocean'), ('whale watching', 'whale watching'), ('sea creature', 'whale watching'), ('animals', 'whale watching'), ('natural view', 'national parks'), ('parks', 'national parks'), ('golf', 'golf course'), ('parks', 'national park'), ('natural view', 'national park')]"
Legion of Honor,"['exhibitions', 'bridge', 'ocean view', 'natural view', 'museum', 'concert', 'car rental', 'restaurant & food', 'highly recommended', 'arts', 'good for pictures', 'mountain view', 'performance', 'golf']","[('exhibitions', 'special exhibitions'), ('bridge', 'gg bridge'), ('ocean view', 'pacific ocean'), ('natural view', 'tall trees'), ('museum', 'art museum'), ('concert', 'organ concert'), ('car rental', 'rental car'), ('restaurant & food', 'food choices'), ('highly recommended', 'highly recommend'), ('arts', 'fine arts'), ('good for pictures', 'photo opportunities'), ('arts', 'art lover'), ('ocean view', 'pacific ocean'), ('mountain view', 'hill overlooking'), ('performance', 'live performances'), ('golf', 'golf course')]"
Little Italy,"['restaurant & food', 'exhibitions', 'performance', 'shopping', 'museum', 'highly recommended']","[('restaurant & food', 'window shop'), ('restaurant & food', 'shops restaurants'), ('restaurant & food', 'eat drink'), ('exhibitions', 'art galleries'), ('performance', 'street musicians'), ('shopping', 'shops restaurants'), ('museum', 'maritime museum'), ('restaurant & food', 'italian food'), ('highly recommended', 'highly recommend'), ('performance', 'live music'), ('shopping', 'cute shops')]"
Living Desert Zoo & Gardens,"['exhibitions', 'shopping', 'museum', 'gardens', 'rock climbing ', 'animals', 'restaurant & food', 'highly recommended', 'natural view', 'good for pictures', 'water fountain', 'golf']","[('exhibitions', 'special exhibits'), ('shopping', 'ice cream'), ('museum', 'art museum'), ('gardens', 'botanical garden'), ('rock climbing ', 'rock formations'), ('animals', 'fed giraffes'), ('restaurant & food', 'food choices'), ('highly recommended', 'highly recommend'), ('natural view', 'nature lovers'), ('good for pictures', 'photo op'), ('water fountain', 'water fountains'), ('exhibitions', 'animal exhibits'), ('animals', 'natural environment'), ('restaurant & food', 'hot chocolate'), ('golf', 'golf course'), ('animals', 'wild animals')]"
Lombard Street,"['bridge', 'shopping', 'car rental', 'highly recommended', 'good for pictures']","[('bridge', 'gate bridge'), ('shopping', 'ice cream'), ('car rental', 'rental car'), ('highly recommended', 'highly recommend'), ('good for pictures', 'photo ops'), ('good for pictures', 'taking selfies')]"
Los Angeles County Museum of Art,"['restaurant & food', 'exhibitions', 'shopping', 'museum', 'gardens', 'highly recommended', 'good for pictures']","[('restaurant & food', 'coffee shop'), ('restaurant & food', 'cafes restaurants'), ('exhibitions', 'temporary exhibits'), ('shopping', 'coffee shop'), ('museum', 'norton simon'), ('gardens', 'sculpture garden'), ('restaurant & food', 'food trucks'), ('highly recommended', 'highly suggest'), ('good for pictures', 'photo ops'), ('good for pictures', 'taking selfies')]"
Madame Tussauds Hollywood,"['shopping', 'theater', 'highly recommended', 'good for pictures', 'amusement park']","[('shopping', 'souvenir shops'), ('theater', 'chinese theatre'), ('highly recommended', 'highly recommend'), ('good for pictures', 'photo opportunities'), ('good for pictures', 'taking pictures'), ('theater', 'chinese theater'), ('amusement park', 'universal studios'), ('amusement park', 'universal studios')]"
Manhattan Beach,"['sea creature', 'animals', 'restaurant & food', 'shopping', 'ocean view', 'biking', 'beach', 'surfing', 'car rental', 'highly recommended', 'good for pictures', 'performance']","[('sea creature', 'sea lion'), ('animals', 'sea lion'), ('restaurant & food', 'coffee shop'), ('restaurant & food', 'restaurants bars'), ('restaurant & food', 'eat drink'), ('shopping', 'shops restaurants'), ('ocean view', 'west coast'), ('biking', 'bike ride'), ('beach', 'sandy beaches'), ('surfing', 'watch surfers'), ('car rental', 'car rental'), ('restaurant & food', 'food choices'), ('surfing', 'playing volleyball'), ('highly recommended', 'highly suggest'), ('good for pictures', 'photo op'), ('sea creature', 'saw whales'), ('animals', 'saw whales'), ('performance', 'live music'), ('shopping', 'quaint shops'), ('sea creature', 'dolphins swimming'), ('animals', 'dolphins swimming')]"
Marin Headlands,"['restaurant & food', 'bridge', 'ocean view', 'natural view', 'biking', 'surfing', 'highly recommended', 'good for pictures', 'mountain view', 'parks', 'historical site']","[('restaurant & food', 'picnic lunch'), ('bridge', 'gg bridge'), ('ocean view', 'pacific ocean'), ('natural view', 'muir woods'), ('biking', 'renting bikes'), ('surfing', 'watch sunset'), ('highly recommended', 'highly recommend'), ('good for pictures', 'photo ops'), ('natural view', 'pine trees'), ('good for pictures', 'picture taking'), ('ocean view', 'pacific ocean'), ('mountain view', 'hill overlooking'), ('natural view', 'national parks'), ('parks', 'national parks'), ('historical site', 'history buffs'), ('parks', 'national park'), ('natural view', 'national park')]"
Maritime Museum of San Diego,"['sea creature', 'animals', 'restaurant & food', 'exhibitions', 'performance', 'wines', 'shopping', 'highly recommended', 'good for pictures', 'whale watching', 'cruise', 'historical site', 'ferry']","[('sea creature', 'sea lions'), ('animals', 'sea lions'), ('restaurant & food', 'coffee shop'), ('exhibitions', 'special exhibits'), ('performance', 'street vendors'), ('restaurant & food', 'hot dogs'), ('wines', 'sparkling wine'), ('shopping', 'coffee shop'), ('restaurant & food', 'food booths'), ('highly recommended', 'highly recommended'), ('good for pictures', 'photo ops'), ('good for pictures', 'taking pictures'), ('whale watching', 'whale watching'), ('sea creature', 'whale watching'), ('animals', 'whale watching'), ('exhibitions', 'interactive displays'), ('cruise', 'harbor cruise'), ('historical site', 'history buffs'), ('sea creature', 'sea lions'), ('animals', 'sea lions'), ('ferry', 'ferry boat')]"
Mendocino Coast Botanical Gardens,"['restaurant & food', 'shopping', 'ocean view', 'natural view', 'gardens', 'peaceful serene', 'surfing', 'highly recommended', 'good for pictures', 'whale watching', 'sea creature', 'animals', 'performance', 'parks']","[('restaurant & food', 'coffee shop'), ('restaurant & food', 'snack bar'), ('shopping', 'coffee shop'), ('ocean view', 'pacific ocean'), ('natural view', 'flowers trees'), ('gardens', 'rose garden'), ('restaurant & food', 'yummy food'), ('peaceful serene', 'peaceful serene'), ('surfing', 'crashing waves'), ('highly recommended', 'highly recommend'), ('good for pictures', 'photo opportunities'), ('natural view', 'plants flowers'), ('ocean view', 'pacific ocean'), ('whale watching', 'whale watch'), ('sea creature', 'whale watch'), ('animals', 'whale watch'), ('performance', 'live music'), ('animals', 'natural environment'), ('parks', 'state park'), ('natural view', 'state park')]"
Mission Beach,"['sea creature', 'animals', 'restaurant & food', 'rock climbing', 'performance', 'shopping', 'ocean view', 'rock climbing ', 'biking', 'surfing', 'highly recommended', 'music', 'amusement park', 'architecture', 'pier']","[('sea creature', 'sea lions'), ('animals', 'sea lions'), ('restaurant & food', 'restaurants bars'), ('rock climbing', 'rock climbing'), ('performance', 'street performers'), ('restaurant & food', 'hot dog'), ('shopping', 'bars cafes'), ('ocean view', 'pacific ocean'), ('animals', 'jelly fish'), ('rock climbing ', 'rock climbing'), ('biking', 'rented bikes'), ('restaurant & food', 'mexican food'), ('surfing', 'volleyball players'), ('highly recommended', 'highly recommend'), ('music', 'music playing'), ('amusement park', 'amusement rides'), ('architecture', 'architectural styles'), ('pier', 'crystal pier'), ('ocean view', 'pacific ocean'), ('amusement park', 'amusement park'), ('sea creature', 'sea lions'), ('animals', 'sea lions'), ('amusement park', 'roller coasters'), ('restaurant & food', 'fish tacos'), ('shopping', 'shopping center'), ('restaurant & food', 'fish tacos')]"
Mission San Juan Capistrano,"['restaurant & food', 'exhibitions', 'wines', 'shopping', 'ocean view', 'gardens', 'beach', 'peaceful serene', 'highly recommended', 'mexican', 'good for pictures', 'natural view', 'historical site']","[('restaurant & food', 'restaurants nearby'), ('exhibitions', 'native americans'), ('wines', 'wine tasting'), ('shopping', 'souvenir shops'), ('ocean view', 'west coast'), ('gardens', 'botanical gardens'), ('beach', 'laguna beach'), ('peaceful serene', 'quiet peaceful'), ('highly recommended', 'highly recommend'), ('mexican', 'traditional mexican'), ('good for pictures', 'taking pictures'), ('natural view', 'palm trees'), ('historical site', 'historical site'), ('shopping', 'quaint shops'), ('historical site', 'history buffs'), ('shopping', 'shopping dining')]"
Monterey Bay,"['sea creature', 'animals', 'restaurant & food', 'wines', 'shopping', 'ocean view', 'natural view', 'rock climbing ', 'biking', 'beach', 'peaceful serene', 'surfing', 'highly recommended', 'architecture', 'good for pictures', 'whale watching', 'golf', 'parks']","[('sea creature', 'otters sea'), ('animals', 'otters sea'), ('restaurant & food', 'eat shop'), ('restaurant & food', 'hotels restaurants'), ('restaurant & food', 'picnic lunch'), ('restaurant & food', 'hot dog'), ('wines', 'wine tasting'), ('shopping', 'stores restaurants'), ('ocean view', 'pacific grove'), ('animals', 'jelly fish'), ('natural view', 'redwood trees'), ('rock climbing ', 'rock formations'), ('biking', 'rent bikes'), ('beach', 'sandy beaches'), ('peaceful serene', 'calm relaxing'), ('surfing', 'waters edge'), ('highly recommended', 'highly recommend'), ('natural view', 'nature lovers'), ('architecture', 'spanish architecture'), ('good for pictures', 'photo ops'), ('good for pictures', 'picture taking'), ('ocean view', 'pacific ocean'), ('whale watching', 'whale watching'), ('sea creature', 'whale watching'), ('animals', 'whale watching'), ('animals', 'natural habitat'), ('sea creature', 'otters sea'), ('animals', 'otters sea'), ('golf', 'golf course'), ('animals', 'wild animals'), ('parks', 'state park'), ('natural view', 'state park')]"
Monterey Bay Aquarium,"['sea creature', 'animals', 'restaurant & food', 'exhibitions', 'shopping', 'ocean view', 'museum', 'highly recommended', 'natural view']","[('sea creature', 'sea horses'), ('animals', 'sea horses'), ('restaurant & food', 'ate lunch'), ('exhibitions', 'special exhibits'), ('shopping', 'candy store'), ('ocean view', 'pacific ocean'), ('animals', 'touch pool'), ('museum', 'science museum'), ('animals', 'touch tank'), ('restaurant & food', 'ate lunch'), ('highly recommended', 'highly recommend'), ('ocean view', 'pacific ocean'), ('exhibitions', 'interactive exhibits'), ('natural view', 'kelp forest'), ('animals', 'natural habitat'), ('sea creature', 'otters sea'), ('animals', 'otters sea')]"
Moonstone Beach,"['sea creature', 'animals', 'restaurant & food', 'ocean view', 'natural view', 'rock climbing ', 'beach', 'peaceful serene', 'surfing', 'highly recommended', 'good for pictures', 'parks']","[('sea creature', 'dolphins whales'), ('animals', 'dolphins whales'), ('restaurant & food', 'restaurants nearby'), ('ocean view', 'pacific ocean'), ('natural view', 'pine trees'), ('rock climbing ', 'rock formations'), ('beach', 'sandy beaches'), ('restaurant & food', 'dining choices'), ('peaceful serene', 'peaceful relaxing'), ('surfing', 'soft sand'), ('highly recommended', 'highly recommend'), ('natural view', 'pine trees'), ('good for pictures', 'taking pictures'), ('ocean view', 'pacific ocean'), ('animals', 'natural habitat'), ('sea creature', 'dolphins whales'), ('animals', 'dolphins whales'), ('parks', 'national park'), ('natural view', 'national park')]"
Moro Rock,"['restaurant & food', 'rock climbing', 'shopping', 'natural view', 'highly recommended', 'good for pictures', 'water fountain', 'parks']","[('restaurant & food', 'shops restaurants'), ('restaurant & food', 'picnic lunch'), ('rock climbing', 'slippery rocks'), ('shopping', 'shops restaurants'), ('natural view', 'giant trees'), ('highly recommended', 'highly recommend'), ('good for pictures', 'picture taking'), ('water fountain', 'water fountain'), ('natural view', 'giant sequoias'), ('parks', 'national park'), ('natural view', 'national park')]"
Morro Rock,"['sea creature', 'animals', 'rock climbing', 'wines', 'ocean view', 'beach', 'surfing', 'restaurant & food', 'highly recommended', 'natural view', 'pier', 'good for pictures', 'whale watching', 'water fountain']","[('sea creature', 'otters sea'), ('animals', 'otters sea'), ('rock climbing', 'climbing rocks'), ('wines', 'chowder bread'), ('ocean view', 'pacific ocean'), ('beach', 'venice beach'), ('surfing', 'watch surfers'), ('restaurant & food', 'chowder bread'), ('surfing', 'crashing waves'), ('highly recommended', 'highly recommend'), ('natural view', 'nature lover'), ('pier', 'pismo beach'), ('good for pictures', 'photo op'), ('good for pictures', 'taking pictures'), ('ocean view', 'pacific ocean'), ('whale watching', 'whale watching'), ('sea creature', 'whale watching'), ('animals', 'whale watching'), ('water fountain', 'water fountain'), ('sea creature', 'otters sea'), ('animals', 'otters sea')]"
Mt. Soledad National Veterans Memorial,"['sea creature', 'animals', 'exhibitions', 'bridge', 'shopping', 'ocean view', 'biking', 'peaceful serene', 'highly recommended', 'good for pictures']","[('sea creature', 'sea lions'), ('animals', 'sea lions'), ('exhibitions', 'korean war'), ('bridge', 'coronado bridge'), ('shopping', 'ice cream'), ('ocean view', 'pacific ocean'), ('animals', 'birds eye'), ('biking', 'bike ride'), ('peaceful serene', 'calm peaceful'), ('highly recommended', 'highly recommend'), ('good for pictures', 'photo ops'), ('good for pictures', 'taking pictures'), ('ocean view', 'pacific ocean'), ('sea creature', 'sea lions'), ('animals', 'sea lions')]"
Muir Woods National Monument,"['restaurant & food', 'bridge', 'shopping', 'ocean view', 'natural view', 'car rental', 'highly recommended', 'good for pictures', 'parks']","[('restaurant & food', 'coffee shop'), ('restaurant & food', 'ate lunch'), ('bridge', 'gate bridge'), ('shopping', 'coffee shop'), ('ocean view', 'west coast'), ('natural view', 'majestic trees'), ('car rental', 'rental car'), ('restaurant & food', 'ate lunch'), ('highly recommended', 'highly recommend'), ('natural view', 'nature lover'), ('good for pictures', 'photo ops'), ('good for pictures', 'picture taking'), ('natural view', 'giant redwoods'), ('parks', 'state park'), ('natural view', 'state park')]"
Musee Mecanique,"['highly recommended', 'historical site']","[('highly recommended', 'highly recommend'), ('historical site', 'history lesson')]"
Natural History Museum of Los Angeles County,"['restaurant & food', 'exhibitions', 'shopping', 'ocean view', 'theater', 'gardens', 'highly recommended', 'good for pictures', 'animals']","[('restaurant & food', 'grab lunch'), ('exhibitions', 'butterfly exhibit'), ('shopping', 'ice cream'), ('ocean view', 'east coast'), ('theater', 'imax theater'), ('gardens', 'rose garden'), ('restaurant & food', 'food court'), ('highly recommended', 'highly suggest'), ('good for pictures', 'taking photos'), ('exhibitions', 'dinosaur exhibits'), ('theater', 'imax theater'), ('animals', 'wild animals')]"
Newport Beach,"['sea creature', 'animals', 'restaurant & food', 'rock climbing', 'shopping', 'ocean view', 'biking', 'surfing', 'highly recommended', 'natural view', 'whale watching', 'amusement park', 'ferry']","[('sea creature', 'sea shells'), ('animals', 'sea shells'), ('restaurant & food', 'shops restaurants'), ('restaurant & food', 'ate lunch'), ('rock climbing', 'feet wet'), ('shopping', 'restaurants bars'), ('ocean view', 'pacific coast'), ('biking', 'rented bikes'), ('restaurant & food', 'ate lunch'), ('surfing', 'waters edge'), ('highly recommended', 'highly recommend'), ('natural view', 'nature lovers'), ('ocean view', 'pacific ocean'), ('whale watching', 'whale watch'), ('sea creature', 'whale watch'), ('animals', 'whale watch'), ('sea creature', 'saw whales'), ('animals', 'saw whales'), ('amusement park', 'amusement park'), ('shopping', 'quaint shops'), ('animals', 'natural habitat'), ('shopping', 'shopping eating'), ('sea creature', 'sea lions'), ('animals', 'sea lions'), ('amusement park', 'ferris wheel'), ('ferry', 'island ferry')]"
Norton Simon Museum,"['restaurant & food', 'exhibitions', 'ocean view', 'gardens', 'beach', 'highly recommended', 'arts', 'architecture', 'good for pictures']","[('restaurant & food', 'lunch snacks'), ('exhibitions', 'contemporary art'), ('ocean view', 'west coast'), ('gardens', 'rose garden'), ('beach', 'redondo beach'), ('restaurant & food', 'food options'), ('highly recommended', 'highly recommend'), ('arts', 'fine art'), ('architecture', 'frank gehry'), ('good for pictures', 'taking pictures'), ('arts', 'art lover')]"
Oceanside Pier,"['sea creature', 'animals', 'restaurant & food', 'performance', 'shopping', 'ocean view', 'biking', 'beach', 'surfing', 'peaceful serene', 'highly recommended', 'good for pictures']","[('sea creature', 'sea birds'), ('animals', 'sea birds'), ('restaurant & food', 'coffee shop'), ('restaurant & food', 'restaurants nearby'), ('restaurant & food', 'snack bar'), ('performance', 'street performers'), ('restaurant & food', 'hot dogs'), ('shopping', 'coffee shops'), ('ocean view', 'pacific coast'), ('biking', 'bike rental'), ('beach', 'laguna beach'), ('surfing', 'watch surfers'), ('restaurant & food', 'food vendors'), ('peaceful serene', 'quiet peaceful'), ('surfing', 'waves surfers'), ('highly recommended', 'highly recommend'), ('good for pictures', 'photo ops'), ('ocean view', 'pacific ocean'), ('sea creature', 'saw dolphins'), ('animals', 'saw dolphins'), ('performance', 'live music'), ('restaurant & food', 'fresh fish'), ('restaurant & food', 'fresh fish')]"
Old Fisherman's Wharf,"['sea creature', 'animals', 'shopping', 'restaurant & food', 'bridge', 'performance', 'wines', 'ocean view', 'biking', 'beach', 'highly recommended', 'pier', 'good for pictures', 'whale watching', 'historical site']","[('sea creature', 'sea otter'), ('animals', 'sea otter'), ('shopping', 'shopping district'), ('restaurant & food', 'coffee shop'), ('restaurant & food', 'shops restaurants'), ('bridge', 'gate bridge'), ('performance', 'street musicians'), ('wines', 'chowder bread'), ('shopping', 'candy shops'), ('ocean view', 'pacific grove'), ('biking', 'rented bikes'), ('beach', 'pismo beach'), ('restaurant & food', 'italian food'), ('highly recommended', 'highly recommend'), ('pier', 'pismo beach'), ('good for pictures', 'taking pictures'), ('whale watching', 'whale watch'), ('sea creature', 'whale watch'), ('animals', 'whale watch'), ('performance', 'live music'), ('shopping', 'quaint shops'), ('historical site', 'history lesson'), ('shopping', 'shopping eating'), ('sea creature', 'otters sea'), ('animals', 'otters sea'), ('restaurant & food', 'fresh fish'), ('restaurant & food', 'fresh fish')]"
Old Mission Santa Barbara,"['sea creature', 'animals', 'exhibitions', 'gardens', 'highly recommended', 'arts', 'architecture', 'good for pictures', 'historical site']","[('sea creature', 'blue dolphins'), ('animals', 'blue dolphins'), ('exhibitions', 'art work'), ('gardens', 'botanical gardens'), ('highly recommended', 'highly suggest'), ('arts', 'fine art'), ('architecture', 'spanish architecture'), ('good for pictures', 'photo ops'), ('good for pictures', 'taking pictures'), ('historical site', 'historical site'), ('historical site', 'history buffs')]"
Old Point Loma Lighthouse,"['sea creature', 'animals', 'restaurant & food', 'ocean view', 'biking', 'surfing', 'highly recommended', 'good for pictures', 'whale watching', 'mountain view', 'natural view', 'parks', 'historical site']","[('sea creature', 'tide pools'), ('animals', 'tide pools'), ('restaurant & food', 'picnic lunch'), ('ocean view', 'pacific ocean'), ('biking', 'bike riding'), ('surfing', 'waters edge'), ('highly recommended', 'highly recommend'), ('good for pictures', 'photo opportunities'), ('good for pictures', 'picture taking'), ('ocean view', 'pacific ocean'), ('whale watching', 'whale watching'), ('sea creature', 'whale watching'), ('animals', 'whale watching'), ('mountain view', 'hill overlooking'), ('natural view', 'national parks'), ('parks', 'national parks'), ('sea creature', 'saw whales'), ('animals', 'saw whales'), ('historical site', 'historical site'), ('natural view', 'kelp forest'), ('historical site', 'history lesson'), ('parks', 'national park'), ('natural view', 'national park')]"
Old Sacramento,"['restaurant & food', 'exhibitions', 'bridge', 'wines', 'shopping', 'museum', 'biking', 'highly recommended', 'architecture', 'historical site', 'amusement park']","[('restaurant & food', 'eat shop'), ('restaurant & food', 'shops restaurants'), ('restaurant & food', 'ate lunch'), ('exhibitions', 'art museum'), ('bridge', 'gate bridge'), ('wines', 'wine tasting'), ('shopping', 'candy shops'), ('museum', 'art museum'), ('biking', 'bike rentals'), ('restaurant & food', 'food options'), ('highly recommended', 'highly recommended'), ('architecture', 'western style'), ('exhibitions', 'interactive exhibits'), ('historical site', 'learning history'), ('shopping', 'shopping eating'), ('amusement park', 'ferris wheel')]"
Old Town San Diego,"['shopping', 'restaurant & food', 'exhibitions', 'performance', 'ocean view', 'highly recommended', 'music', 'mexican', 'architecture', 'good for pictures', 'historical site', 'amusement park', 'parks', 'natural view']","[('shopping', 'shopping mall'), ('restaurant & food', 'eat shop'), ('restaurant & food', 'shops restaurants'), ('restaurant & food', 'breakfast lunch'), ('exhibitions', 'american culture'), ('performance', 'street vendors'), ('shopping', 'shops restaurants'), ('ocean view', 'east coast'), ('restaurant & food', 'food options'), ('highly recommended', 'highly recommend'), ('music', 'band playing'), ('mexican', 'traditional mexican'), ('architecture', 'western style'), ('good for pictures', 'photo ops'), ('good for pictures', 'taking pictures'), ('historical site', 'historical site'), ('amusement park', 'amusement park'), ('performance', 'live music'), ('shopping', 'quaint shops'), ('historical site', 'history buff'), ('shopping', 'shopping dining'), ('parks', 'state park'), ('natural view', 'state park'), ('mexican', 'mexican culture')]"
Old Town San Diego State Historic Park,"['restaurant & food', 'performance', 'shopping', 'highly recommended', 'mexican', 'architecture', 'good for pictures', 'historical site', 'amusement park']","[('restaurant & food', 'shops restaurants'), ('performance', 'street vendors'), ('shopping', 'shops restaurants'), ('restaurant & food', 'mexican food'), ('highly recommended', 'highly recommend'), ('mexican', 'traditional mexican'), ('architecture', 'architectural styles'), ('good for pictures', 'photo opportunities'), ('historical site', 'historical site'), ('amusement park', 'theme parks'), ('performance', 'live music'), ('shopping', 'quaint shops'), ('historical site', 'history lesson'), ('mexican', 'mexican culture')]"
Old Town Temecula,"['restaurant & food', 'wines', 'shopping', 'highly recommended', 'arts', 'mexican', 'architecture', 'performance']","[('restaurant & food', 'eat shop'), ('restaurant & food', 'restaurants bars'), ('restaurant & food', 'grab lunch'), ('wines', 'wine tastings'), ('shopping', 'shops restaurants'), ('restaurant & food', 'mexican food'), ('highly recommended', 'highly recommend'), ('arts', 'fine art'), ('mexican', 'authentic mexican'), ('architecture', 'western style'), ('performance', 'live entertainment'), ('shopping', 'quaint shops'), ('shopping', 'shopping dining')]"
Olvera Street,"['shopping', 'restaurant & food', 'exhibitions', 'gardens', 'highly recommended', 'music', 'mexican', 'good for pictures', 'historical site', 'performance']","[('shopping', 'shopping mall'), ('restaurant & food', 'mexican restaurants'), ('exhibitions', 'native american'), ('shopping', 'shops restaurants'), ('gardens', 'japanese garden'), ('restaurant & food', 'food trucks'), ('highly recommended', 'highly recommended'), ('music', 'band playing'), ('mexican', 'traditional mexican'), ('good for pictures', 'photo ops'), ('good for pictures', 'taking pictures'), ('historical site', 'historical site'), ('performance', 'live entertainment'), ('mexican', 'mexican american')]"
Pacific Beach,"['sea creature', 'animals', 'restaurant & food', 'shopping', 'ocean view', 'biking', 'surfing', 'highly recommended', 'pier', 'water fountain']","[('sea creature', 'swimming surfing'), ('animals', 'swimming surfing'), ('restaurant & food', 'shop eat'), ('restaurant & food', 'shops restaurants'), ('restaurant & food', 'ate lunch'), ('shopping', 'shops restaurants'), ('ocean view', 'west coast'), ('biking', 'bike riders'), ('surfing', 'watch surfers'), ('restaurant & food', 'ate lunch'), ('surfing', 'playing volleyball'), ('highly recommended', 'highly recommend'), ('pier', 'crystal pier'), ('water fountain', 'water fountains'), ('shopping', 'quaint shops'), ('shopping', 'shopping eating'), ('restaurant & food', 'fish tacos'), ('restaurant & food', 'fish tacos')]"
Pacific Coast Highway,"['sea creature', 'animals', 'restaurant & food', 'exhibitions', 'bridge', 'shopping', 'ocean view', 'natural view', 'museum', 'theater', 'gardens', 'beach', 'car rental', 'surfing', 'highly recommended', 'arts', 'architecture', 'pier', 'good for pictures', 'parks', 'whale watching', 'amusement park']","[('sea creature', 'sea otter'), ('animals', 'sea otter'), ('restaurant & food', 'boutiques restaurants'), ('restaurant & food', 'picnic lunch'), ('exhibitions', 'contemporary art'), ('bridge', 'gg bridge'), ('shopping', 'ice cream'), ('ocean view', 'rugged coastline'), ('natural view', 'giant redwoods'), ('museum', 'art museum'), ('theater', 'chinese theatre'), ('gardens', 'botanical garden'), ('beach', 'huntington beach'), ('car rental', 'rental car'), ('restaurant & food', 'food options'), ('surfing', 'waves crashing'), ('highly recommended', 'highly recommended'), ('arts', 'fine arts'), ('architecture', 'spanish architecture'), ('pier', 'pismo beach'), ('good for pictures', 'photo shots'), ('natural view', 'pine trees'), ('good for pictures', 'taking pictures'), ('parks', 'petco park'), ('whale watching', 'whale watch'), ('sea creature', 'whale watch'), ('animals', 'whale watch'), ('natural view', 'state parks'), ('parks', 'state parks'), ('amusement park', 'amusement park'), ('natural view', 'redwood forest'), ('sea creature', 'sea lions'), ('animals', 'sea lions'), ('amusement park', 'roller coasters'), ('amusement park', 'universal studios'), ('parks', 'national park'), ('natural view', 'national park'), ('amusement park', 'universal studios')]"
Painted Ladies,"['restaurant & food', 'bridge', 'shopping', 'car rental', 'highly recommended', 'architecture', 'good for pictures', 'mountain view']","[('restaurant & food', 'souvenir shop'), ('restaurant & food', 'picnic lunch'), ('bridge', 'gate bridge'), ('shopping', 'souvenir shop'), ('car rental', 'rental car'), ('highly recommended', 'highly recommend'), ('architecture', 'victorian style'), ('good for pictures', 'photo ops'), ('good for pictures', 'picture taking'), ('mountain view', 'nob hill')]"
Palace of Fine Arts Theatre,"['sea creature', 'animals', 'restaurant & food', 'exhibitions', 'bridge', 'biking', 'car rental', 'highly recommended', 'architecture', 'good for pictures', 'mountain view', 'performance']","[('sea creature', 'sea lions'), ('animals', 'sea lions'), ('restaurant & food', 'picnic lunch'), ('exhibitions', 'art gallery'), ('bridge', 'gate bridge'), ('biking', 'bike ride'), ('car rental', 'rental car'), ('restaurant & food', 'food outlets'), ('highly recommended', 'highly recommend'), ('architecture', 'spanish style'), ('good for pictures', 'picture opportunities'), ('good for pictures', 'taking selfies'), ('mountain view', 'nob hill'), ('performance', 'live music'), ('sea creature', 'sea lions'), ('animals', 'sea lions')]"
Palm Springs Aerial Tramway,"['restaurant & food', 'ocean view', 'natural view', 'rock climbing ', 'highly recommended', 'architecture', 'good for pictures', 'parks', 'amusement park', 'historical site', 'animals']","[('restaurant & food', 'grab lunch'), ('ocean view', 'east coast'), ('natural view', 'majestic trees'), ('rock climbing ', 'rock formations'), ('restaurant & food', 'food options'), ('highly recommended', 'highly recommend'), ('architecture', 'engineering marvel'), ('good for pictures', 'taking pictures'), ('natural view', 'state parks'), ('parks', 'state parks'), ('amusement park', 'amusement park'), ('historical site', 'history lesson'), ('restaurant & food', 'hot chocolate'), ('animals', 'wild animal'), ('parks', 'national park'), ('natural view', 'national park')]"
Palm Springs Air Museum,"['exhibitions', 'restaurant & food', 'animals', 'vintage aircraft', 'car rental', 'highly recommended', 'historical site']","[('exhibitions', 'special exhibits'), ('restaurant & food', 'hot dogs'), ('animals', 'birds flying'), ('vintage aircraft', 'vintage aircraft'), ('car rental', 'rental car'), ('highly recommended', 'highly recommend'), ('exhibitions', 'interactive displays'), ('historical site', 'history buffs')]"
Palm Springs Art Museum,"['restaurant & food', 'exhibitions', 'shopping', 'museum', 'gardens', 'vintage aircraft', 'highly recommended']","[('restaurant & food', 'coffee shop'), ('exhibitions', 'temporary exhibits'), ('shopping', 'coffee shop'), ('museum', 'norton simon'), ('gardens', 'sculpture garden'), ('vintage aircraft', 'vintage planes'), ('highly recommended', 'highly recommend')]"
Petco Park,"['restaurant & food', 'bridge', 'shopping', 'gardens', 'concert', 'highly recommended', 'music']","[('restaurant & food', 'hotels restaurants'), ('restaurant & food', 'chicken dinner'), ('bridge', 'coronado bridge'), ('restaurant & food', 'hot dog'), ('shopping', 'ice cream'), ('gardens', 'botanical gardens'), ('concert', 'concert venue'), ('restaurant & food', 'food stands'), ('highly recommended', 'highly recommend'), ('music', 'music dancing'), ('restaurant & food', 'fish tacos'), ('restaurant & food', 'fish tacos')]"
Petersen Automotive Museum,"['restaurant & food', 'exhibitions', 'shopping', 'highly recommended', 'architecture', 'good for pictures', 'historical site']","[('restaurant & food', 'coffee shop'), ('exhibitions', 'special exhibits'), ('shopping', 'coffee shop'), ('restaurant & food', 'italian food'), ('highly recommended', 'highly recommend'), ('architecture', 'architectural wonder'), ('good for pictures', 'taking pics'), ('exhibitions', 'interactive exhibits'), ('historical site', 'history lesson'), ('shopping', 'shopping center')]"
Pfeiffer Beach,"['sea creature', 'animals', 'rock climbing', 'shopping', 'ocean view', 'natural view', 'rock climbing ', 'biking', 'surfing', 'highly recommended', 'good for pictures', 'parks']","[('sea creature', 'dolphins whales'), ('animals', 'dolphins whales'), ('rock climbing', 'wet slippery'), ('shopping', 'ice cream'), ('ocean view', 'pacific ocean'), ('natural view', 'cypress trees'), ('rock climbing ', 'rock formations'), ('biking', 'bike ride'), ('surfing', 'crashing waves'), ('highly recommended', 'highly recommend'), ('natural view', 'nature lovers'), ('good for pictures', 'picture opportunities'), ('good for pictures', 'taking pictures'), ('ocean view', 'pacific ocean'), ('natural view', 'state parks'), ('parks', 'state parks'), ('sea creature', 'sea lions'), ('animals', 'sea lions'), ('parks', 'national park'), ('natural view', 'national park')]"
Pier 39,"['sea creature', 'animals', 'shopping', 'restaurant & food', 'bridge', 'performance', 'wines', 'ocean view', 'highly recommended', 'amusement park']","[('sea creature', 'sea lions'), ('animals', 'sea lions'), ('shopping', 'shopping mall'), ('restaurant & food', 'souvenir shop'), ('restaurant & food', 'shops restaurants'), ('restaurant & food', 'eat drink'), ('bridge', 'bay bridge'), ('performance', 'street entertainers'), ('wines', 'wine tasting'), ('shopping', 'candy shops'), ('ocean view', 'pacific ocean'), ('restaurant & food', 'mediocre food'), ('highly recommended', 'highly recommend'), ('amusement park', 'carnival rides'), ('ocean view', 'pacific ocean'), ('performance', 'live entertainment'), ('shopping', 'cute shops'), ('shopping', 'outdoor mall'), ('sea creature', 'sea lions'), ('animals', 'sea lions'), ('restaurant & food', 'fresh fish'), ('shopping', 'shopping center'), ('restaurant & food', 'fresh fish')]"
Pismo Pier,"['sea creature', 'animals', 'restaurant & food', 'shopping', 'ocean view', 'biking', 'beach', 'surfing', 'highly recommended', 'mexican', 'good for pictures', 'whale watching', 'amusement park']","[('sea creature', 'seals otters'), ('animals', 'seals otters'), ('restaurant & food', 'souvenir shop'), ('restaurant & food', 'restaurants nearby'), ('shopping', 'shops restaurants'), ('ocean view', 'pacific ocean'), ('biking', 'bike rentals'), ('beach', 'sandy beaches'), ('surfing', 'watch surfers'), ('restaurant & food', 'clam chowder'), ('surfing', 'crashing waves'), ('highly recommended', 'highly recommend'), ('mexican', 'authentic mexican'), ('good for pictures', 'taking pictures'), ('ocean view', 'pacific ocean'), ('whale watching', 'whale watching'), ('sea creature', 'whale watching'), ('animals', 'whale watching'), ('sea creature', 'seals otters'), ('animals', 'seals otters'), ('amusement park', 'ferris wheel'), ('restaurant & food', 'fresh fish'), ('restaurant & food', 'fresh fish')]"
Point Lobos,"['sea creature', 'animals', 'restaurant & food', 'exhibitions', 'ocean view', 'natural view', 'rock climbing ', 'surfing', 'highly recommended', 'good for pictures', 'whale watching', 'parks', 'gardens']","[('sea creature', 'otters sea'), ('animals', 'otters sea'), ('restaurant & food', 'picnic lunch'), ('exhibitions', 'native americans'), ('ocean view', 'pacific coast'), ('animals', 'birds flying'), ('natural view', 'cypress tree'), ('rock climbing ', 'rock formations'), ('surfing', 'crashing waves'), ('highly recommended', 'highly recommend'), ('natural view', 'nature lovers'), ('good for pictures', 'photo opportunities'), ('good for pictures', 'taking pictures'), ('ocean view', 'pacific ocean'), ('whale watching', 'whale watching'), ('sea creature', 'whale watching'), ('animals', 'whale watching'), ('natural view', 'state parks'), ('parks', 'state parks'), ('gardens', 'chinese japanese'), ('sea creature', 'saw whales'), ('animals', 'saw whales'), ('sea creature', 'otters sea'), ('animals', 'otters sea'), ('parks', 'national park'), ('natural view', 'national park')]"
Point Loma,"['sea creature', 'animals', 'restaurant & food', 'rock climbing', 'ocean view', 'rock climbing ', 'car rental', 'peaceful serene', 'surfing', 'highly recommended', 'natural view', 'good for pictures', 'whale watching', 'historical site', 'parks']","[('sea creature', 'tide pools'), ('animals', 'tide pools'), ('restaurant & food', 'grab lunch'), ('rock climbing', 'climb rocks'), ('ocean view', 'pacific ocean'), ('rock climbing ', 'rock formations'), ('car rental', 'rental car'), ('restaurant & food', 'mexican food'), ('peaceful serene', 'quiet peaceful'), ('surfing', 'waves crashing'), ('highly recommended', 'highly recommend'), ('natural view', 'nature lovers'), ('good for pictures', 'photo op'), ('good for pictures', 'taking pictures'), ('ocean view', 'pacific ocean'), ('whale watching', 'whale watching'), ('sea creature', 'whale watching'), ('animals', 'whale watching'), ('historical site', 'historical site'), ('historical site', 'history buffs'), ('sea creature', 'sea lions'), ('animals', 'sea lions'), ('parks', 'national park'), ('natural view', 'national park')]"
Presidio of San Francisco,"['exhibitions', 'bridge', 'ocean view', 'biking', 'concert', 'car rental', 'restaurant & food', 'peaceful serene', 'highly recommended', 'arts', 'natural view', 'good for pictures', 'mountain view', 'parks', 'water fountain', 'sea creature', 'animals', 'historical site', 'performance', 'golf']","[('exhibitions', 'korean war'), ('bridge', 'bay bridge'), ('ocean view', 'pacific ocean'), ('biking', 'rented bikes'), ('concert', 'concert venue'), ('car rental', 'rental car'), ('restaurant & food', 'food trucks'), ('peaceful serene', 'calm serene'), ('highly recommended', 'highly recommend'), ('arts', 'fine arts'), ('natural view', 'nature lovers'), ('good for pictures', 'taking photos'), ('ocean view', 'pacific ocean'), ('mountain view', 'nob hill'), ('natural view', 'national parks'), ('parks', 'national parks'), ('water fountain', 'water fountains'), ('sea creature', 'saw dolphins'), ('animals', 'saw dolphins'), ('historical site', 'historic site'), ('performance', 'live music'), ('historical site', 'learn history'), ('historical site', 'war memorial'), ('golf', 'golf course'), ('parks', 'national park'), ('natural view', 'national park')]"
Redondo Beach Pier,"['sea creature', 'animals', 'restaurant & food', 'performance', 'shopping', 'ocean view', 'biking', 'surfing', 'highly recommended', 'good for pictures', 'whale watching', 'amusement park']","[('sea creature', 'sea lions'), ('animals', 'sea lions'), ('restaurant & food', 'coffee shop'), ('restaurant & food', 'shops restaurants'), ('performance', 'street musicians'), ('restaurant & food', 'hot dog'), ('shopping', 'shops restaurants'), ('ocean view', 'pacific ocean'), ('biking', 'renting bikes'), ('restaurant & food', 'clam chowder'), ('surfing', 'playing volleyball'), ('highly recommended', 'highly recommend'), ('good for pictures', 'taking pictures'), ('ocean view', 'pacific ocean'), ('whale watching', 'whale watching'), ('sea creature', 'whale watching'), ('animals', 'whale watching'), ('amusement park', 'amusement park'), ('performance', 'live entertainment'), ('shopping', 'quaint shops'), ('sea creature', 'sea lions'), ('animals', 'sea lions'), ('amusement park', 'roller coaster'), ('restaurant & food', 'fresh fish'), ('restaurant & food', 'fresh fish')]"
Robert Mondavi Winery,"['restaurant & food', 'exhibitions', 'wines', 'shopping', 'ocean view', 'gardens', 'highly recommended', 'architecture', 'good for pictures', 'historical site']","[('restaurant & food', 'souvenir shop'), ('exhibitions', 'art pieces'), ('wines', 'wine tastings'), ('shopping', 'souvenir shop'), ('ocean view', 'coast highway'), ('gardens', 'rose gardens'), ('restaurant & food', 'cheese plate'), ('highly recommended', 'highly recommend'), ('architecture', 'style architecture'), ('good for pictures', 'photo ops'), ('historical site', 'history lesson')]"
Rodeo Drive,"['restaurant & food', 'shopping', 'ocean view', 'highly recommended', 'music', 'good for pictures', 'natural view', 'amusement park']","[('restaurant & food', 'window shop'), ('restaurant & food', 'restaurants nearby'), ('shopping', 'brand stores'), ('ocean view', 'west coast'), ('restaurant & food', 'food vendors'), ('highly recommended', 'highly recommend'), ('music', 'music playing'), ('good for pictures', 'photo op'), ('natural view', 'palm tree'), ('amusement park', 'theme park'), ('shopping', 'shopping centre')]"
Ronald Reagan Presidential Library and Museum,"['restaurant & food', 'exhibitions', 'gardens', 'beach', 'highly recommended', 'mountain view', 'historical site']","[('restaurant & food', 'picnic lunch'), ('exhibitions', 'special exhibits'), ('gardens', 'rose garden'), ('beach', 'newport beach'), ('restaurant & food', 'food drink'), ('highly recommended', 'highly recommend'), ('mountain view', 'hill overlooking'), ('exhibitions', 'interactive displays'), ('historical site', 'history buff')]"
Runyon Canyon Park,"['ocean view', 'highly recommended', 'good for pictures', 'water fountain']","[('ocean view', 'pacific ocean'), ('highly recommended', 'highly recommend'), ('good for pictures', 'photo ops'), ('ocean view', 'pacific ocean'), ('water fountain', 'water fountain')]"
Safari West,"['restaurant & food', 'exhibitions', 'bridge', 'wines', 'shopping', 'natural view', 'animals', 'highly recommended']","[('restaurant & food', 'snack shop'), ('restaurant & food', 'ate lunch'), ('exhibitions', 'extensive collection'), ('bridge', 'gate bridge'), ('wines', 'wine tasting'), ('shopping', 'ice cream'), ('natural view', 'muir woods'), ('animals', 'baby giraffes'), ('restaurant & food', 'snack shack'), ('highly recommended', 'highly recommend'), ('animals', 'natural habitat'), ('restaurant & food', 'hot chocolate'), ('animals', 'wild animals')]"
San Diego Zoo,"['restaurant & food', 'shopping', 'animals', 'highly recommended', 'good for pictures', 'exhibitions', 'amusement park']","[('restaurant & food', 'ate lunch'), ('shopping', 'ice cream'), ('animals', 'baby animals'), ('restaurant & food', 'junk food'), ('highly recommended', 'highly suggest'), ('good for pictures', 'photo ops'), ('exhibitions', 'animal exhibits'), ('amusement park', 'amusement park'), ('animals', 'animals natural'), ('animals', 'wild animals')]"
San Diego Zoo Safari Park,"['restaurant & food', 'exhibitions', 'shopping', 'ocean view', 'animals', 'peaceful serene', 'highly recommended', 'good for pictures', 'water fountain']","[('restaurant & food', 'picnic lunch'), ('exhibitions', 'special exhibits'), ('shopping', 'ice cream'), ('ocean view', 'west coast'), ('animals', 'feeding giraffes'), ('restaurant & food', 'food options'), ('peaceful serene', 'peaceful serene'), ('highly recommended', 'highly recommend'), ('good for pictures', 'photo opportunities'), ('good for pictures', 'taking pictures'), ('water fountain', 'water fountains'), ('exhibitions', 'animal exhibits'), ('animals', 'natural environment'), ('animals', 'wild animals')]"
San Francisco Bay,"['sea creature', 'animals', 'shopping', 'restaurant & food', 'exhibitions', 'bridge', 'performance', 'ocean view', 'museum', 'biking', 'highly recommended', 'good for pictures', 'parks', 'whale watching', 'natural view']","[('sea creature', 'sea lions'), ('animals', 'sea lions'), ('shopping', 'shopping malls'), ('restaurant & food', 'shop eat'), ('restaurant & food', 'shops restaurants'), ('restaurant & food', 'eat drink'), ('exhibitions', 'asian countries'), ('bridge', 'gg bridge'), ('performance', 'street entertainers'), ('shopping', 'shops restaurants'), ('ocean view', 'west coast'), ('museum', 'maritime museum'), ('biking', 'bike rental'), ('restaurant & food', 'food trucks'), ('highly recommended', 'highly recommend'), ('good for pictures', 'photo ops'), ('parks', 'ball park'), ('whale watching', 'whale watching'), ('sea creature', 'whale watching'), ('animals', 'whale watching'), ('performance', 'live entertainment'), ('sea creature', 'sea lions'), ('animals', 'sea lions'), ('restaurant & food', 'fresh seafood'), ('parks', 'national park'), ('natural view', 'national park'), ('restaurant & food', 'fresh seafood')]"
San Francisco Bay Bridge,"['sea creature', 'animals', 'exhibitions', 'shopping', 'highly recommended', 'good for pictures', 'parks', 'natural view']","[('sea creature', 'sea lions'), ('animals', 'sea lions'), ('exhibitions', 'star wars'), ('shopping', 'ice cream'), ('highly recommended', 'highly recommend'), ('good for pictures', 'photo opportunities'), ('good for pictures', 'picture taking'), ('sea creature', 'sea lions'), ('animals', 'sea lions'), ('parks', 'national park'), ('natural view', 'national park')]"
San Francisco Museum of Modern Art (SFMOMA),"['restaurant & food', 'exhibitions', 'shopping', 'ocean view', 'gardens', 'highly recommended', 'historical site']","[('restaurant & food', 'coffee shop'), ('exhibitions', 'temporary exhibits'), ('shopping', 'coffee shop'), ('ocean view', 'west coast'), ('gardens', 'sculpture garden'), ('highly recommended', 'highly suggest'), ('exhibitions', 'interactive exhibits'), ('historical site', 'history buff'), ('historical site', 'war memorial')]"
Santa Barbara County Courthouse,"['exhibitions', 'ocean view', 'animals', 'restaurant & food', 'highly recommended', 'architecture', 'good for pictures', 'mountain view', 'natural view', 'parks']","[('exhibitions', 'native americans'), ('ocean view', 'pacific ocean'), ('animals', 'birds eye'), ('restaurant & food', 'yummy food'), ('highly recommended', 'highly recommend'), ('architecture', 'architectural styles'), ('good for pictures', 'taking pictures'), ('ocean view', 'pacific ocean'), ('mountain view', 'hill overlooking'), ('natural view', 'palm tree'), ('parks', 'national park'), ('natural view', 'national park')]"
Santa Barbara Zoo,"['restaurant & food', 'rock climbing', 'shopping', 'ocean view', 'gardens', 'rock climbing ', 'animals', 'highly recommended', 'exhibitions', 'amusement park']","[('restaurant & food', 'snack bar'), ('rock climbing', 'rock climbing'), ('shopping', 'ice cream'), ('ocean view', 'pacific ocean'), ('gardens', 'botanical garden'), ('rock climbing ', 'rock climbing'), ('animals', 'giraffe feeding'), ('restaurant & food', 'food options'), ('highly recommended', 'highly recommend'), ('ocean view', 'pacific ocean'), ('exhibitions', 'animal exhibits'), ('amusement park', 'theme parks'), ('animals', 'wild animal')]"
Santa Cruz Beach Boardwalk,"['sea creature', 'animals', 'restaurant & food', 'shopping', 'ocean view', 'surfing', 'highly recommended', 'music', 'amusement park', 'whale watching', 'performance', 'parks', 'natural view']","[('sea creature', 'sea birds'), ('animals', 'sea birds'), ('restaurant & food', 'shops restaurants'), ('restaurant & food', 'hot dogs'), ('shopping', 'souvenir shops'), ('ocean view', 'west cliff'), ('restaurant & food', 'junk food'), ('surfing', 'volleyball players'), ('highly recommended', 'highly recommend'), ('music', 'band playing'), ('amusement park', 'amusement rides'), ('ocean view', 'pacific ocean'), ('whale watching', 'whale watching'), ('sea creature', 'whale watching'), ('animals', 'whale watching'), ('amusement park', 'amusement park'), ('amusement park', 'amusement parks'), ('performance', 'live music'), ('shopping', 'shopping eating'), ('sea creature', 'sea lions'), ('animals', 'sea lions'), ('amusement park', 'thrill rides'), ('parks', 'state park'), ('natural view', 'state park')]"
Santa Cruz Wharf,"['sea creature', 'animals', 'restaurant & food', 'wines', 'shopping', 'ocean view', 'beach', 'surfing', 'highly recommended', 'pier', 'good for pictures', 'water fountain', 'amusement park', 'parks', 'natural view']","[('sea creature', 'otters sea'), ('animals', 'otters sea'), ('restaurant & food', 'shop eat'), ('restaurant & food', 'shops eateries'), ('restaurant & food', 'ate dinner'), ('wines', 'wine tasting'), ('shopping', 'shop dine'), ('ocean view', 'west coast'), ('beach', 'pismo beach'), ('surfing', 'watch sunset'), ('restaurant & food', 'clam chowder'), ('surfing', 'volleyball courts'), ('highly recommended', 'highly recommend'), ('pier', 'pismo beach'), ('good for pictures', 'photo ops'), ('good for pictures', 'picture taking'), ('water fountain', 'water fountain'), ('amusement park', 'amusement park'), ('shopping', 'cute shops'), ('shopping', 'shopping eating'), ('sea creature', 'sea otters'), ('animals', 'sea otters'), ('restaurant & food', 'fresh fish'), ('parks', 'state park'), ('natural view', 'state park'), ('restaurant & food', 'fresh fish')]"
Santa Monica Bay,"['sea creature', 'animals', 'shopping', 'restaurant & food', 'rock climbing', 'performance', 'ocean view', 'biking', 'beach', 'surfing', 'highly recommended', 'music', 'amusement park', 'good for pictures', 'natural view']","[('sea creature', 'killer whales'), ('animals', 'killer whales'), ('shopping', 'shopping mall'), ('restaurant & food', 'shop eat'), ('restaurant & food', 'restaurants bars'), ('restaurant & food', 'eat drink'), ('rock climbing', 'feet wet'), ('performance', 'street performers'), ('shopping', 'shops restaurants'), ('ocean view', 'pacific coast'), ('biking', 'hired bikes'), ('beach', 'venice beach'), ('restaurant & food', 'italian food'), ('surfing', 'soft sand'), ('highly recommended', 'highly recommend'), ('music', 'music playing'), ('amusement park', 'carnival rides'), ('good for pictures', 'photo op'), ('ocean view', 'pacific ocean'), ('natural view', 'palm trees'), ('amusement park', 'amusement park'), ('shopping', 'shopping eating'), ('sea creature', 'sea lions'), ('animals', 'sea lions'), ('amusement park', 'ferris wheel'), ('shopping', 'shopping centre')]"
Santa Monica Pier,"['sea creature', 'animals', 'restaurant & food', 'performance', 'shopping', 'ocean view', 'biking', 'beach', 'highly recommended', 'music', 'amusement park', 'good for pictures']","[('sea creature', 'sea lions'), ('animals', 'sea lions'), ('restaurant & food', 'coffee shop'), ('restaurant & food', 'bars restaurants'), ('restaurant & food', 'ate lunch'), ('performance', 'street musicians'), ('shopping', 'shops restaurants'), ('ocean view', 'pacific coast'), ('biking', 'rented bikes'), ('beach', 'beach volleyball'), ('restaurant & food', 'food trucks'), ('highly recommended', 'highly recommend'), ('music', 'singing dancing'), ('amusement park', 'carnival rides'), ('good for pictures', 'photo ops'), ('good for pictures', 'taking photos'), ('ocean view', 'pacific ocean'), ('sea creature', 'saw dolphins'), ('animals', 'saw dolphins'), ('amusement park', 'amusement park'), ('amusement park', 'theme parks'), ('performance', 'live music'), ('shopping', 'shopping eating'), ('sea creature', 'sea lions'), ('animals', 'sea lions'), ('amusement park', 'ferris wheel')]"
Santa Monica State Beach,"['sea creature', 'animals', 'restaurant & food', 'shopping', 'ocean view', 'biking', 'surfing', 'car rental', 'highly recommended', 'amusement park', 'natural view']","[('sea creature', 'sea lions'), ('animals', 'sea lions'), ('restaurant & food', 'restaurants bars'), ('restaurant & food', 'hot dogs'), ('shopping', 'restaurants bars'), ('ocean view', 'pacific ocean'), ('biking', 'rented bikes'), ('surfing', 'watch sunset'), ('car rental', 'rented car'), ('restaurant & food', 'food options'), ('surfing', 'volleyball courts'), ('highly recommended', 'highly recommend'), ('amusement park', 'amusement rides'), ('ocean view', 'pacific ocean'), ('natural view', 'palm trees'), ('sea creature', 'saw dolphins'), ('animals', 'saw dolphins'), ('amusement park', 'amusement park'), ('sea creature', 'sea lions'), ('animals', 'sea lions'), ('amusement park', 'ferris wheel'), ('restaurant & food', 'hot chocolate')]"
SeaWorld,"['sea creature', 'animals', 'restaurant & food', 'shopping', 'ocean view', 'surfing', 'highly recommended', 'amusement park', 'water fountain', 'natural view', 'exhibitions']","[('sea creature', 'sea otter'), ('animals', 'sea otter'), ('restaurant & food', 'picnic lunch'), ('restaurant & food', 'hot dogs'), ('shopping', 'ice cream'), ('ocean view', 'west coast'), ('animals', 'sharks rays'), ('animals', 'orca show'), ('restaurant & food', 'food options'), ('surfing', 'dolphins swimming'), ('highly recommended', 'highly recommend'), ('amusement park', 'amusement rides'), ('water fountain', 'water fountain'), ('natural view', 'palm tree'), ('exhibitions', 'animal exhibits'), ('amusement park', 'amusement park'), ('amusement park', 'amusement parks'), ('shopping', 'cute shops'), ('sea creature', 'seals sea'), ('animals', 'seals sea'), ('amusement park', 'roller coasters'), ('amusement park', 'universal studios'), ('amusement park', 'universal studios')]"
Seaport Village,"['sea creature', 'animals', 'restaurant & food', 'exhibitions', 'bridge', 'performance', 'wines', 'shopping', 'surfing', 'highly recommended', 'music', 'good for pictures', 'natural view']","[('sea creature', 'sea wall'), ('animals', 'sea wall'), ('restaurant & food', 'boutiques restaurants'), ('restaurant & food', 'breakfast lunch'), ('exhibitions', 'native american'), ('bridge', 'coronado bridge'), ('performance', 'street performers'), ('wines', 'wine tasting'), ('shopping', 'shops restaurants'), ('restaurant & food', 'food options'), ('surfing', 'waters edge'), ('highly recommended', 'highly recommend'), ('music', 'music playing'), ('good for pictures', 'taking photos'), ('natural view', 'palm trees'), ('performance', 'live music'), ('shopping', 'quaint shops'), ('shopping', 'shopping dining'), ('restaurant & food', 'fresh fish'), ('shopping', 'shopping center'), ('restaurant & food', 'fresh fish')]"
Seventeen Mile Drive,"['sea creature', 'animals', 'restaurant & food', 'shopping', 'ocean view', 'natural view', 'rock climbing ', 'biking', 'surfing', 'highly recommended', 'good for pictures', 'golf']","[('sea creature', 'otters sea'), ('animals', 'otters sea'), ('restaurant & food', 'restaurants bars'), ('restaurant & food', 'lunch dinner'), ('shopping', 'restaurants bars'), ('ocean view', 'pacific grove'), ('natural view', 'cypress tree'), ('rock climbing ', 'rock formations'), ('biking', 'rented bikes'), ('restaurant & food', 'food drinks'), ('surfing', 'waves crashing'), ('highly recommended', 'highly recommend'), ('good for pictures', 'picture opportunities'), ('good for pictures', 'picture taking'), ('ocean view', 'pacific ocean'), ('sea creature', 'saw whales'), ('animals', 'saw whales'), ('sea creature', 'sea lions'), ('animals', 'sea lions'), ('golf', 'golf course')]"
Six Flags Discovery Kingdom,"['sea creature', 'animals', 'restaurant & food', 'exhibitions', 'rock climbing', 'wines', 'shopping', 'natural view', 'rock climbing ', 'highly recommended', 'amusement park', 'golf']","[('sea creature', 'sea lions'), ('animals', 'sea lions'), ('restaurant & food', 'coffee shop'), ('restaurant & food', 'lunch snack'), ('exhibitions', 'butterfly exhibit'), ('rock climbing', 'rock climbing'), ('wines', 'wine tasting'), ('shopping', 'coffee shop'), ('natural view', 'muir woods'), ('rock climbing ', 'rock climbing'), ('animals', 'dolphin show'), ('restaurant & food', 'junk food'), ('highly recommended', 'highly recommend'), ('exhibitions', 'animal exhibits'), ('amusement park', 'amusement park'), ('amusement park', 'amusement parks'), ('animals', 'natural habitat'), ('sea creature', 'sea lions'), ('animals', 'sea lions'), ('amusement park', 'thrill rides'), ('restaurant & food', 'hot chocolate'), ('golf', 'golf course'), ('animals', 'wild animals'), ('amusement park', 'universal studios'), ('amusement park', 'universal studios')]"
Six Flags Magic Mountain,"['restaurant & food', 'shopping', 'ocean view', 'highly recommended', 'good for pictures', 'water fountain', 'natural view', 'amusement park']","[('restaurant & food', 'snack shack'), ('restaurant & food', 'hot dog'), ('shopping', 'ice cream'), ('ocean view', 'west coast'), ('restaurant & food', 'snack shack'), ('highly recommended', 'highly recommend'), ('good for pictures', 'taking pictures'), ('water fountain', 'water fountain'), ('natural view', 'palm trees'), ('amusement park', 'amusement park'), ('amusement park', 'amusement parks'), ('amusement park', 'thrill rides'), ('amusement park', 'disney universal'), ('amusement park', 'disney universal')]"
South Carlsbad State Beach,"['sea creature', 'animals', 'restaurant & food', 'shopping', 'ocean view', 'surfing', 'highly recommended', 'pier', 'water fountain', 'amusement park']","[('sea creature', 'sea shells'), ('animals', 'sea shells'), ('restaurant & food', 'shop eat'), ('restaurant & food', 'restaurants nearby'), ('restaurant & food', 'lunch dinner'), ('shopping', 'touristy shops'), ('ocean view', 'pacific ocean'), ('restaurant & food', 'italian food'), ('surfing', 'playing volleyball'), ('highly recommended', 'highly recommend'), ('pier', 'oceanside pier'), ('ocean view', 'pacific ocean'), ('water fountain', 'water fountains'), ('amusement park', 'theme park'), ('restaurant & food', 'fish chips'), ('restaurant & food', 'hot chocolate'), ('restaurant & food', 'fish chips')]"
Stanford University,"['shopping', 'restaurant & food', 'exhibitions', 'rock climbing', 'ocean view', 'museum', 'gardens', 'rock climbing ', 'biking', 'beach', 'concert', 'peaceful serene', 'surfing', 'highly recommended', 'arts', 'architecture', 'pools', 'parks', 'natural view', 'historical site']","[('shopping', 'shopping mall'), ('restaurant & food', 'coffee shop'), ('restaurant & food', 'ate lunch'), ('exhibitions', 'art collection'), ('rock climbing', 'rock climbing'), ('shopping', 'coffee shop'), ('ocean view', 'west coast'), ('museum', 'art museum'), ('gardens', 'sculpture garden'), ('rock climbing ', 'rock climbing'), ('biking', 'rented bikes'), ('beach', 'beach volleyball'), ('concert', 'concert halls'), ('restaurant & food', 'ate lunch'), ('peaceful serene', 'peaceful relaxing'), ('surfing', 'volleyball courts'), ('highly recommended', 'highly recommend'), ('arts', 'fine art'), ('architecture', 'spanish style'), ('pools', 'outdoor pool'), ('parks', 'ball park'), ('natural view', 'palm trees'), ('historical site', 'historical site'), ('shopping', 'shopping center')]"
Staples Center,"['restaurant & food', 'shopping', 'ocean view', 'biking', 'concert', 'highly recommended', 'good for pictures']","[('restaurant & food', 'hotels restaurants'), ('restaurant & food', 'eat drink'), ('restaurant & food', 'hot dog'), ('shopping', 'restaurants bars'), ('ocean view', 'west coast'), ('biking', 'rode bikes'), ('concert', 'concert venue'), ('restaurant & food', 'food stands'), ('highly recommended', 'highly recommend'), ('good for pictures', 'photo opportunities')]"
State Street,"['shopping', 'restaurant & food', 'exhibitions', 'wines', 'ocean view', 'museum', 'theater', 'biking', 'highly recommended', 'architecture', 'good for pictures', 'natural view', 'performance']","[('shopping', 'shopping mall'), ('restaurant & food', 'shop eat'), ('restaurant & food', 'shops restaurants'), ('restaurant & food', 'restaurant bar'), ('exhibitions', 'art museum'), ('wines', 'wine tasting'), ('shopping', 'shops restaurants'), ('ocean view', 'west coast'), ('museum', 'art museum'), ('theater', 'movie theater'), ('biking', 'bike rentals'), ('restaurant & food', 'food outlets'), ('highly recommended', 'highly recommend'), ('architecture', 'spanish architecture'), ('good for pictures', 'taking pictures'), ('natural view', 'palm trees'), ('performance', 'live music'), ('shopping', 'quaint shops'), ('theater', 'movie theater'), ('shopping', 'outdoor mall'), ('shopping', 'shopping center')]"
Stearns Wharf,"['sea creature', 'animals', 'restaurant & food', 'wines', 'shopping', 'ocean view', 'biking', 'beach', 'good for pictures', 'natural view', 'historical site']","[('sea creature', 'deep sea'), ('animals', 'deep sea'), ('restaurant & food', 'eat shop'), ('restaurant & food', 'restaurants serving'), ('restaurant & food', 'breakfast lunch'), ('wines', 'wine tasting'), ('shopping', 'candy shops'), ('ocean view', 'pacific ocean'), ('animals', 'jelly fish'), ('biking', 'bike ride'), ('beach', 'venice beach'), ('animals', 'touch tank'), ('restaurant & food', 'food drink'), ('good for pictures', 'photo ops'), ('good for pictures', 'taking selfies'), ('ocean view', 'pacific ocean'), ('natural view', 'palm trees'), ('shopping', 'quaint shops'), ('historical site', 'history lesson'), ('shopping', 'shopping eating'), ('sea creature', 'sea lions'), ('animals', 'sea lions'), ('restaurant & food', 'fresh fish'), ('restaurant & food', 'fresh fish')]"
Sterling Vineyards,"['wines', 'animals', 'restaurant & food', 'highly recommended', 'music', 'good for pictures', 'water fountain', 'amusement park']","[('wines', 'wine tastings'), ('animals', 'birds eye'), ('restaurant & food', 'cheese plate'), ('highly recommended', 'highly recommend'), ('music', 'music playing'), ('good for pictures', 'taking pictures'), ('water fountain', 'water fountain'), ('amusement park', 'amusement park')]"
Sundial Bridge,"['restaurant & food', 'exhibitions', 'performance', 'shopping', 'ocean view', 'animals', 'natural view', 'gardens', 'biking', 'surfing', 'highly recommended', 'architecture', 'good for pictures']","[('restaurant & food', 'coffee shop'), ('restaurant & food', 'restaurants nearby'), ('restaurant & food', 'snack bar'), ('exhibitions', 'art work'), ('performance', 'street performers'), ('shopping', 'coffee shop'), ('ocean view', 'pacific ocean'), ('animals', 'birds flying'), ('natural view', 'plants trees'), ('gardens', 'botanical gardens'), ('biking', 'bike riders'), ('restaurant & food', 'snack bar'), ('surfing', 'waters edge'), ('highly recommended', 'highly recommend'), ('architecture', 'engineering marvel'), ('good for pictures', 'photo ops'), ('natural view', 'plants trees'), ('good for pictures', 'taking pictures'), ('ocean view', 'pacific ocean')]"
Sunset Cliffs Natural Park,"['sea creature', 'animals', 'bridge', 'ocean view', 'rock climbing ', 'biking', 'beach', 'surfing', 'peaceful serene', 'highly recommended', 'good for pictures', 'natural view', 'parks', 'shopping']","[('sea creature', 'tide pools'), ('animals', 'tide pools'), ('bridge', 'coronado bridge'), ('ocean view', 'pacific coast'), ('rock climbing ', 'rock formations'), ('biking', 'bike ride'), ('beach', 'sandy beaches'), ('surfing', 'watch surfers'), ('peaceful serene', 'quiet peaceful'), ('surfing', 'crashing waves'), ('highly recommended', 'highly recommend'), ('good for pictures', 'photo ops'), ('good for pictures', 'taking selfies'), ('ocean view', 'pacific ocean'), ('natural view', 'national parks'), ('parks', 'national parks'), ('shopping', 'quaint shops')]"
The Broad,"['exhibitions', 'museum', 'concert', 'restaurant & food', 'highly recommended', 'arts', 'architecture', 'good for pictures', 'water fountain', 'historical site']","[('exhibitions', 'special exhibitions'), ('museum', 'art museum'), ('concert', 'concert hall'), ('restaurant & food', 'food trucks'), ('highly recommended', 'highly recommended'), ('arts', 'fine art'), ('architecture', 'interior design'), ('good for pictures', 'photo opportunities'), ('good for pictures', 'taking selfies'), ('arts', 'art lovers'), ('water fountain', 'water fountains'), ('historical site', 'history buffs')]"
The Getty Center,"['restaurant & food', 'exhibitions', 'shopping', 'ocean view', 'museum', 'gardens', 'concert', 'highly recommended', 'arts', 'architecture', 'mountain view']","[('restaurant & food', 'coffee shop'), ('restaurant & food', 'picnic lunch'), ('exhibitions', 'special exhibitions'), ('shopping', 'coffee shop'), ('ocean view', 'pacific ocean'), ('museum', 'art museum'), ('gardens', 'sculpture garden'), ('concert', 'concert hall'), ('restaurant & food', 'food options'), ('highly recommended', 'highly recommend'), ('arts', 'fine arts'), ('architecture', 'ancient roman'), ('arts', 'art lover'), ('ocean view', 'pacific ocean'), ('mountain view', 'hill overlooking')]"
The Getty Villa,"['shopping', 'exhibitions', 'restaurant & food', 'ocean view', 'gardens', 'beach', 'highly recommended', 'arts', 'architecture', 'good for pictures', 'mountain view', 'water fountain', 'animals', 'historical site']","[('shopping', 'shopping mall'), ('exhibitions', 'art collection'), ('restaurant & food', 'hot dogs'), ('ocean view', 'pacific ocean'), ('gardens', 'botanical garden'), ('beach', 'redondo beach'), ('highly recommended', 'highly recommended'), ('arts', 'fine arts'), ('architecture', 'greek roman'), ('good for pictures', 'taking photos'), ('ocean view', 'pacific ocean'), ('mountain view', 'hill overlooking'), ('water fountain', 'water fountain'), ('animals', 'natural environment'), ('historical site', 'history lesson'), ('restaurant & food', 'fresh fish'), ('restaurant & food', 'fresh fish')]"
The Gondola at Heavenly,"['restaurant & food', 'rock climbing', 'shopping', 'animals', 'rock climbing ', 'highly recommended', 'good for pictures', 'amusement park']","[('restaurant & food', 'coffee shop'), ('restaurant & food', 'cup coffee'), ('rock climbing', 'rock climbing'), ('shopping', 'coffee shop'), ('animals', 'birds eye'), ('rock climbing ', 'rock climbing'), ('restaurant & food', 'cup coffee'), ('highly recommended', 'highly suggest'), ('good for pictures', 'photo ops'), ('good for pictures', 'picture taking'), ('amusement park', 'theme park'), ('restaurant & food', 'hot chocolate'), ('shopping', 'shopping centre')]"
The Grove,"['shopping', 'restaurant & food', 'ocean view', 'natural view', 'museum', 'theater', 'highly recommended', 'music', 'architecture', 'water fountain', 'amusement park', 'performance']","[('shopping', 'shopping district'), ('restaurant & food', 'shop eat'), ('restaurant & food', 'shops restaurants'), ('restaurant & food', 'ate dinner'), ('shopping', 'shops restaurants'), ('ocean view', 'west coast'), ('natural view', 'flowers trees'), ('museum', 'automotive museum'), ('theater', 'movie theatre'), ('restaurant & food', 'restaurant bar'), ('highly recommended', 'highly recommend'), ('music', 'music playing'), ('architecture', 'architectural styles'), ('natural view', 'flowers trees'), ('water fountain', 'water fountain'), ('amusement park', 'theme park'), ('performance', 'live music'), ('theater', 'movie theatre'), ('shopping', 'outdoor mall'), ('shopping', 'shopping centre')]"
"The Huntington Library, Art Collections and Botanical Gardens","['restaurant & food', 'exhibitions', 'shopping', 'ocean view', 'natural view', 'museum', 'gardens', 'highly recommended', 'good for pictures', 'water fountain', 'amusement park']","[('restaurant & food', 'coffee shop'), ('restaurant & food', 'ate lunch'), ('exhibitions', 'permanent collection'), ('shopping', 'coffee shop'), ('ocean view', 'west coast'), ('natural view', 'trees plants'), ('museum', 'norton simon'), ('gardens', 'sculpture garden'), ('restaurant & food', 'mediocre food'), ('highly recommended', 'highly recommend'), ('natural view', 'nature lovers'), ('good for pictures', 'photo ops'), ('natural view', 'trees plants'), ('water fountain', 'water fountains'), ('exhibitions', 'interactive exhibits'), ('gardens', 'japanese chinese'), ('amusement park', 'theme park')]"
The Queen Mary,"['restaurant & food', 'exhibitions', 'shopping', 'museum', 'highly recommended', 'music', 'architecture', 'good for pictures', 'amusement park', 'historical site']","[('restaurant & food', 'hotels restaurants'), ('restaurant & food', 'ate dinner'), ('exhibitions', 'titanic exhibition'), ('shopping', 'restaurants bars'), ('museum', 'museum tells'), ('restaurant & food', 'ate dinner'), ('highly recommended', 'highly recommend'), ('music', 'music dancing'), ('architecture', 'engineering marvel'), ('good for pictures', 'photo shoot'), ('good for pictures', 'taking pictures'), ('amusement park', 'amusement park'), ('historical site', 'history buffs'), ('shopping', 'shopping centre')]"
Third Street Promenade,"['shopping', 'restaurant & food', 'ocean view', 'theater', 'beach', 'highly recommended', 'architecture', 'water fountain', 'performance']","[('shopping', 'shopping mall'), ('restaurant & food', 'shop eat'), ('restaurant & food', 'restaurants bars'), ('restaurant & food', 'eat drink'), ('shopping', 'shop dine'), ('ocean view', 'west coast'), ('theater', 'movie theatre'), ('beach', 'venice beach'), ('restaurant & food', 'food options'), ('highly recommended', 'highly recommend'), ('architecture', 'architectural styles'), ('water fountain', 'water fountains'), ('performance', 'live entertainment'), ('theater', 'movie theatre'), ('shopping', 'outdoor mall'), ('shopping', 'shopping centre')]"
Torrey Pines Gliderport,"['sea creature', 'animals', 'restaurant & food', 'shopping', 'ocean view', 'rock climbing ', 'surfing', 'highly recommended', 'music', 'good for pictures', 'performance', 'amusement park', 'golf', 'parks', 'natural view']","[('sea creature', 'sea lions'), ('animals', 'sea lions'), ('restaurant & food', 'snack shack'), ('shopping', 'ice cream'), ('ocean view', 'pacific ocean'), ('animals', 'birds eye'), ('rock climbing ', 'cliff face'), ('surfing', 'hang gliders'), ('restaurant & food', 'snack shack'), ('surfing', 'surfing waves'), ('highly recommended', 'highly recommend'), ('music', 'band playing'), ('good for pictures', 'photo shots'), ('good for pictures', 'taking pics'), ('ocean view', 'pacific ocean'), ('performance', 'live music'), ('sea creature', 'sea lions'), ('animals', 'sea lions'), ('amusement park', 'roller coaster'), ('golf', 'golf course'), ('parks', 'state park'), ('natural view', 'state park')]"
Torrey Pines State Natural Reserve,"['sea creature', 'animals', 'restaurant & food', 'rock climbing', 'ocean view', 'natural view', 'rock climbing ', 'surfing', 'highly recommended', 'good for pictures', 'water fountain', 'golf']","[('sea creature', 'dolphins whales'), ('animals', 'dolphins whales'), ('restaurant & food', 'snack bar'), ('rock climbing', 'feet wet'), ('ocean view', 'pacific ocean'), ('natural view', 'pine trees'), ('rock climbing ', 'rock formations'), ('restaurant & food', 'snack bar'), ('surfing', 'cliff face'), ('highly recommended', 'highly recommend'), ('natural view', 'nature lovers'), ('good for pictures', 'photo ops'), ('natural view', 'pine trees'), ('good for pictures', 'taking pictures'), ('ocean view', 'pacific ocean'), ('water fountain', 'water fountain'), ('sea creature', 'sea lions'), ('animals', 'sea lions'), ('golf', 'golf course')]"
Tunnel View,"['restaurant & food', 'animals', 'natural view', 'rock climbing ', 'highly recommended', 'good for pictures', 'parks']","[('restaurant & food', 'ate lunch'), ('animals', 'birds eye'), ('natural view', 'giant sequoias'), ('rock climbing ', 'rock formations'), ('restaurant & food', 'ate lunch'), ('highly recommended', 'highly recommend'), ('good for pictures', 'photo shots'), ('good for pictures', 'taking pictures'), ('natural view', 'national parks'), ('parks', 'national parks'), ('natural view', 'giant sequoias'), ('parks', 'national park'), ('natural view', 'national park')]"
Twin Peaks,"['restaurant & food', 'bridge', 'shopping', 'ocean view', 'animals', 'biking', 'highly recommended', 'good for pictures', 'mountain view']","[('restaurant & food', 'souvenir stores'), ('bridge', 'bay bridge'), ('shopping', 'souvenir stores'), ('ocean view', 'pacific ocean'), ('animals', 'birds eye'), ('biking', 'ride bike'), ('restaurant & food', 'restaurant choices'), ('highly recommended', 'highly recommend'), ('good for pictures', 'photo op'), ('good for pictures', 'picture taking'), ('ocean view', 'pacific ocean'), ('mountain view', 'hill overlooking')]"
USS Midway Museum,"['restaurant & food', 'exhibitions', 'shopping', 'vintage aircraft', 'car rental', 'highly recommended', 'good for pictures', 'historical site', 'parks', 'natural view']","[('restaurant & food', 'snack shop'), ('exhibitions', 'men women'), ('shopping', 'snack bars'), ('vintage aircraft', 'vintage planes'), ('car rental', 'rental car'), ('highly recommended', 'highly recommend'), ('good for pictures', 'photo ops'), ('historical site', 'historical site'), ('historical site', 'history buffs'), ('parks', 'national park'), ('natural view', 'national park')]"
Union Square,"['shopping', 'restaurant & food', 'exhibitions', 'bridge', 'performance', 'biking', 'highly recommended', 'music', 'good for pictures', 'mountain view', 'natural view']","[('shopping', 'shopping district'), ('restaurant & food', 'coffee shop'), ('restaurant & food', 'hotels restaurants'), ('exhibitions', 'modern art'), ('bridge', 'gate bridge'), ('performance', 'street vendors'), ('shopping', 'shops restaurants'), ('biking', 'bike rentals'), ('restaurant & food', 'clam chowder'), ('highly recommended', 'highly recommend'), ('music', 'music dancing'), ('good for pictures', 'photo opportunities'), ('mountain view', 'nob hill'), ('natural view', 'palm trees'), ('performance', 'live music'), ('shopping', 'shopping center')]"
Union Station,"['restaurant & food', 'exhibitions', 'shopping', 'concert', 'car rental', 'highly recommended', 'mexican', 'architecture', 'amusement park', 'historical site']","[('restaurant & food', 'restaurants bars'), ('exhibitions', 'modern art'), ('shopping', 'restaurants bars'), ('concert', 'concert hall'), ('car rental', 'rental car'), ('restaurant & food', 'italian food'), ('highly recommended', 'highly suggest'), ('mexican', 'authentic mexican'), ('architecture', 'architectural design'), ('amusement park', 'theme parks'), ('historical site', 'history lesson'), ('amusement park', 'universal studios'), ('amusement park', 'universal studios'), ('mexican', 'mexican american')]"
Universal CityWalk Hollywood,"['shopping', 'restaurant & food', 'exhibitions', 'performance', 'theater', 'highly recommended', 'good for pictures', 'water fountain', 'amusement park']","[('shopping', 'shopping mall'), ('restaurant & food', 'shop eat'), ('restaurant & food', 'bars restaurants'), ('exhibitions', 'star wars'), ('performance', 'street entertainers'), ('restaurant & food', 'hot dogs'), ('shopping', 'candy shops'), ('theater', 'imax theater'), ('restaurant & food', 'mediocre food'), ('highly recommended', 'highly recommend'), ('good for pictures', 'photo ops'), ('good for pictures', 'taking pictures'), ('water fountain', 'water fountain'), ('amusement park', 'amusement park'), ('amusement park', 'theme parks'), ('performance', 'live entertainment'), ('shopping', 'cute shops'), ('theater', 'imax theater'), ('shopping', 'shopping dining'), ('shopping', 'shopping center')]"
Universal Studios Hollywood,"['shopping', 'restaurant & food', 'theater', 'animals', 'highly recommended', 'amusement park', 'performance']","[('shopping', 'shopping mall'), ('restaurant & food', 'breakfast lunch'), ('shopping', 'snack bars'), ('theater', 'movie theaters'), ('animals', 'effects show'), ('restaurant & food', 'food options'), ('highly recommended', 'highly suggest'), ('amusement park', 'amusement park'), ('amusement park', 'amusement parks'), ('theater', 'movie theaters'), ('amusement park', 'roller coasters'), ('performance', 'effects show'), ('animals', 'wild animals')]"
V. Sattui Winery,"['restaurant & food', 'wines', 'shopping', 'highly recommended']","[('restaurant & food', 'coffee shop'), ('restaurant & food', 'ate lunch'), ('wines', 'wine tastings'), ('shopping', 'coffee shop'), ('restaurant & food', 'dessert wines'), ('highly recommended', 'highly recommend')]"
Venice Beach,"['sea creature', 'animals', 'restaurant & food', 'exhibitions', 'performance', 'shopping', 'ocean view', 'biking', 'car rental', 'peaceful serene', 'surfing', 'highly recommended', 'good for pictures', 'natural view']","[('sea creature', 'dolphins swimming'), ('animals', 'dolphins swimming'), ('restaurant & food', 'souvenir stores'), ('exhibitions', 'art work'), ('performance', 'street entertainers'), ('shopping', 'coffee shops'), ('ocean view', 'pacific ocean'), ('biking', 'rented bikes'), ('car rental', 'rental car'), ('restaurant & food', 'food options'), ('peaceful serene', 'calm serene'), ('surfing', 'soft sand'), ('highly recommended', 'highly recommend'), ('good for pictures', 'photo opportunities'), ('ocean view', 'pacific ocean'), ('natural view', 'palm trees'), ('sea creature', 'saw dolphins'), ('animals', 'saw dolphins'), ('performance', 'live performances'), ('shopping', 'cute shops'), ('sea creature', 'dolphins swimming'), ('animals', 'dolphins swimming')]"
Venice Beach Boardwalk,"['restaurant & food', 'exhibitions', 'performance', 'shopping', 'ocean view', 'biking', 'surfing', 'highly recommended', 'good for pictures', 'natural view']","[('restaurant & food', 'shop eat'), ('restaurant & food', 'eat drink'), ('exhibitions', 'art work'), ('performance', 'street entertainers'), ('shopping', 'shirt shops'), ('ocean view', 'pacific ocean'), ('biking', 'rent bikes'), ('restaurant & food', 'food outlets'), ('surfing', 'basketball courts'), ('highly recommended', 'highly recommend'), ('good for pictures', 'photo ops'), ('ocean view', 'pacific ocean'), ('natural view', 'palm trees'), ('performance', 'live music'), ('shopping', 'quaint shops')]"
Venice Canals Walkway,"['restaurant & food', 'shopping', 'ocean view', 'biking', 'beach', 'peaceful serene', 'highly recommended', 'architecture', 'good for pictures', 'natural view']","[('restaurant & food', 'restaurants nearby'), ('shopping', 'ice cream'), ('ocean view', 'east coast'), ('biking', 'rented bikes'), ('beach', 'manhattan beach'), ('peaceful serene', 'peaceful serene'), ('highly recommended', 'highly recommend'), ('architecture', 'architectural styles'), ('good for pictures', 'photo ops'), ('good for pictures', 'picture taking'), ('natural view', 'palm trees'), ('restaurant & food', 'fish tacos'), ('restaurant & food', 'fish tacos')]"
Vernal Fall,"['rock climbing', 'ocean view', 'natural view', 'surfing', 'highly recommended', 'good for pictures', 'water fountain', 'parks']","[('rock climbing', 'slippery rocks'), ('ocean view', 'west coast'), ('natural view', 'john muir'), ('surfing', 'waters edge'), ('highly recommended', 'highly recommended'), ('good for pictures', 'photo opportunities'), ('water fountain', 'water fountain'), ('parks', 'national park'), ('natural view', 'national park')]"
VillageFest,"['restaurant & food', 'exhibitions', 'performance', 'shopping', 'ocean view', 'museum', 'highly recommended', 'music', 'natural view', 'parks']","[('restaurant & food', 'shop dine'), ('restaurant & food', 'restaurants bars'), ('exhibitions', 'art museum'), ('performance', 'street musicians'), ('restaurant & food', 'hot dogs'), ('shopping', 'shop dine'), ('ocean view', 'east coast'), ('museum', 'art museum'), ('restaurant & food', 'food trucks'), ('highly recommended', 'highly recommend'), ('music', 'musicians playing'), ('natural view', 'palm desert'), ('performance', 'live entertainment'), ('restaurant & food', 'fish tacos'), ('parks', 'national park'), ('natural view', 'national park'), ('restaurant & food', 'fish tacos')]"
Walt Disney Concert Hall,"['restaurant & food', 'exhibitions', 'wines', 'shopping', 'museum', 'gardens', 'highly recommended', 'music', 'architecture', 'good for pictures', 'mountain view', 'performance']","[('restaurant & food', 'coffee shop'), ('restaurant & food', 'restaurants nearby'), ('restaurant & food', 'snack bar'), ('exhibitions', 'contemporary art'), ('wines', 'cheese plate'), ('shopping', 'coffee shop'), ('museum', 'art museum'), ('gardens', 'sculpture garden'), ('restaurant & food', 'cheese plate'), ('highly recommended', 'highly recommend'), ('music', 'musicians playing'), ('architecture', 'architectural wonder'), ('good for pictures', 'taking pictures'), ('mountain view', 'sits atop'), ('performance', 'live music')]"
Walt Disney Family Museum,"['restaurant & food', 'exhibitions', 'bridge', 'shopping', 'ocean view', 'highly recommended', 'arts', 'good for pictures', 'amusement park', 'historical site', 'parks', 'natural view']","[('restaurant & food', 'coffee shop'), ('restaurant & food', 'grab coffee'), ('exhibitions', 'special exhibits'), ('bridge', 'gg bridge'), ('shopping', 'coffee shop'), ('ocean view', 'west coast'), ('restaurant & food', 'snack bar'), ('highly recommended', 'highly recommend'), ('arts', 'fine arts'), ('good for pictures', 'photo opportunities'), ('arts', 'art lovers'), ('exhibitions', 'interactive displays'), ('amusement park', 'theme park'), ('amusement park', 'theme parks'), ('historical site', 'history buff'), ('parks', 'national park'), ('natural view', 'national park')]"
West Cliff Drive,"['sea creature', 'animals', 'restaurant & food', 'ocean view', 'rock climbing ', 'biking', 'beach', 'surfing', 'highly recommended', 'good for pictures', 'natural view', 'parks']","[('sea creature', 'otters sea'), ('animals', 'otters sea'), ('restaurant & food', 'picnic lunch'), ('ocean view', 'pacific ocean'), ('rock climbing ', 'rock formations'), ('biking', 'bike riding'), ('beach', 'sandy beach'), ('surfing', 'watch surfers'), ('surfing', 'crashing waves'), ('highly recommended', 'highly recommend'), ('good for pictures', 'photo opportunities'), ('ocean view', 'pacific ocean'), ('natural view', 'palm trees'), ('sea creature', 'otters sea'), ('animals', 'otters sea'), ('parks', 'state park'), ('natural view', 'state park')]"
Winchester Mystery House,"['shopping', 'restaurant & food', 'wines', 'highly recommended', 'architecture', 'good for pictures', 'natural view', 'parks', 'historical site']","[('shopping', 'shopping district'), ('restaurant & food', 'souvenir shop'), ('restaurant & food', 'snack bar'), ('wines', 'wine tasting'), ('shopping', 'souvenir shop'), ('restaurant & food', 'drinks snacks'), ('highly recommended', 'highly recommend'), ('architecture', 'architecture design'), ('good for pictures', 'photo ops'), ('good for pictures', 'taking pictures'), ('natural view', 'national parks'), ('parks', 'national parks'), ('historical site', 'historical site'), ('historical site', 'history buff')]"
Yosemite Falls,"['rock climbing', 'bridge', 'ocean view', 'animals', 'natural view', 'rock climbing ', 'surfing', 'highly recommended', 'good for pictures', 'parks']","[('rock climbing', 'slippery rocks'), ('bridge', 'crossing bridge'), ('ocean view', 'west coast'), ('animals', 'birds eye'), ('natural view', 'john muir'), ('rock climbing ', 'rock climbing'), ('surfing', 'waters edge'), ('highly recommended', 'highly recommend'), ('good for pictures', 'photo shots'), ('good for pictures', 'taking pictures'), ('natural view', 'national parks'), ('parks', 'national parks'), ('parks', 'national park'), ('natural view', 'national park')]"
Yosemite Valley,"['restaurant & food', 'shopping', 'ocean view', 'natural view', 'rock climbing ', 'biking', 'highly recommended', 'good for pictures', 'parks', 'animals', 'golf']","[('restaurant & food', 'souvenir shop'), ('shopping', 'souvenir shop'), ('ocean view', 'west coast'), ('natural view', 'massive trees'), ('rock climbing ', 'rock formations'), ('biking', 'ride bikes'), ('restaurant & food', 'food court'), ('highly recommended', 'highly recommend'), ('natural view', 'nature lovers'), ('good for pictures', 'photo op'), ('natural view', 'national parks'), ('parks', 'national parks'), ('natural view', 'giant trees'), ('animals', 'natural habitat'), ('golf', 'golf course'), ('parks', 'national park'), ('natural view', 'national park')]"
Yuma Territorial Prison State Historic Park,"['exhibitions', 'highly recommended', 'good for pictures', 'historical site']","[('exhibitions', 'native americans'), ('highly recommended', 'highly recommend'), ('good for pictures', 'picture opportunities'), ('good for pictures', 'taking photos'), ('exhibitions', 'interactive exhibits'), ('historical site', 'historical site'), ('historical site', 'history buffs')]"
Zabriskie Point,"['exhibitions', 'rock climbing ', 'highly recommended', 'good for pictures', 'natural view', 'parks', 'golf']","[('exhibitions', 'star wars'), ('rock climbing ', 'rock formations'), ('highly recommended', 'highly recommend'), ('good for pictures', 'photo ops'), ('good for pictures', 'taking photos'), ('natural view', 'national parks'), ('parks', 'national parks'), ('golf', 'golf course'), ('parks', 'national park'), ('natural view', 'national park')]"
de Young Museum,"['restaurant & food', 'exhibitions', 'bridge', 'shopping', 'ocean view', 'gardens', 'highly recommended', 'arts']","[('restaurant & food', 'coffee shop'), ('exhibitions', 'special exhibitions'), ('bridge', 'gate bridge'), ('shopping', 'coffee shop'), ('ocean view', 'west coast'), ('gardens', 'sculpture garden'), ('restaurant & food', 'food options'), ('highly recommended', 'highly recommend'), ('arts', 'fine arts')]"
